        7       0    93.851     2.300    -1.000     0.000     1.000
        7       1   134.143     2.650    -1.000     0.000     1.000
        7       2    78.948     1.950    -1.000     0.000     1.000
        7       3    86.708     2.183    -1.000     0.000     1.000
        7       4   103.785     2.417    -1.000     0.000     1.000
        7       5    81.883     2.067    -1.000     0.000     1.000
        7       6    78.948     1.950    -1.000     0.000     1.000
        7       7    83.261     2.106    -1.000     0.000     1.000
        7       8    91.184     2.261    -1.000     0.000     1.000
        7       9    78.948     1.950    -1.000     0.000     1.000
        7      10    81.471     2.054    -1.000     0.000     1.000
        7      11    85.451     2.157    -1.000     0.000     1.000
        7      12    78.948     1.950    -1.000     0.000     1.000
        7      13    80.482     2.019    -1.000     0.000     1.000
        7      14    82.622     2.088    -1.000     0.000     1.000
        7      15    78.948     1.950    -1.000     0.000     1.000
        7      16    64.160     1.950    -0.905     0.000     1.000
        7      17    95.667     1.950    -1.095     0.000     1.000
        7      18    47.414     1.950    -0.777     0.000     1.000
        7      19    40.303     1.950    -0.714     0.000     1.000
        7      20    34.026     1.950    -0.650     0.000     1.000
        7      21    49.971     1.950    -0.798     0.000     1.000
        7      22    70.495     1.950    -0.947     0.000     1.000
        7      23    41.430     1.950    -0.724     0.000     1.000
        7      24    34.026     1.950    -0.650     0.000     1.000
        7      25    44.150     1.950    -0.749     0.000     1.000
        7      26    56.300     1.950    -0.848     0.000     1.000
        7      27    38.836     1.950    -0.699     0.000     1.000
        7      28    34.026     1.950    -0.650     0.000     1.000
        7      29    40.551     1.950    -0.716     0.000     1.000
        7      30    47.974     1.950    -0.782     0.000     1.000
        7      31    34.026     1.950    -0.650     0.000     1.000
        7      32    38.277     1.950    -0.694     0.000     1.000
        7      33    42.926     1.950    -0.738     0.000     1.000
        7      34    34.026     1.950    -0.650     0.000     1.000
        7      35    34.892     1.950    -0.650    -0.095     1.000
        7      36    33.439     1.950    -0.650     0.095     1.000
        7      37    33.308     1.950    -0.650     0.223     1.000
        7      38    33.629     1.950    -0.650     0.286     1.000
        7      39    33.262     1.950    -0.650     0.159     1.000
        7      40    33.265     1.950    -0.650     0.202     1.000
        7      41    33.382     1.950    -0.650     0.244     1.000
        7      42    33.262     1.950    -0.650     0.159     1.000
        7      43    36.306     1.950    -0.650     0.159     0.905
        7      44    31.298     1.950    -0.650     0.159     1.095
        7      45    30.035     1.950    -0.650     0.159     1.223
        7      46    29.875     1.950    -0.650     0.159     1.286
        7      47    29.968     1.950    -0.650     0.159     1.350
        7      48    32.050     1.950    -0.650     0.159     1.053
        7      49    30.153     1.950    -0.650     0.159     1.202
        7      50    29.883     1.950    -0.650     0.159     1.276
        7      51    29.968     1.950    -0.650     0.159     1.350
        7      52    30.565     1.950    -0.650     0.159     1.152
        7      53    29.930     1.950    -0.650     0.159     1.251
        7      54    29.968     1.950    -0.650     0.159     1.350
        7      55    30.059     1.950    -0.650     0.159     1.218
        7      56    29.876     1.950    -0.650     0.159     1.284
        7      57    29.968     1.950    -0.650     0.159     1.350
        7      58    29.904     1.950    -0.650     0.159     1.262
        7      59    29.878     1.950    -0.650     0.159     1.306
        7      60    29.968     1.950    -0.650     0.159     1.350
        7      61   102.116     2.650    -0.883     0.053     1.102
        7      62    50.175     2.300    -0.767     0.106     1.204
        7      63    37.511     2.125    -0.708     0.133     1.255
        7      64    29.878     1.950    -0.650     0.159     1.306
        7      65    62.732     2.417    -0.806     0.088     1.170
        7      66    41.052     2.183    -0.728     0.124     1.238
        7      67    34.524     2.067    -0.689     0.141     1.272
        7      68    29.878     1.950    -0.650     0.159     1.306
        7      69    46.797     2.261    -0.754     0.112     1.215
        7      70    36.458     2.106    -0.702     0.136     1.261
        7      71    29.878     1.950    -0.650     0.159     1.306
        7      72    39.404     2.157    -0.719     0.128     1.246
        7      73    33.927     2.054    -0.685     0.143     1.276
        7      74    29.878     1.950    -0.650     0.159     1.306
        7      75    35.572     2.088    -0.696     0.138     1.266
        7      76    32.441     2.019    -0.673     0.149     1.286
        7      77    29.878     1.950    -0.650     0.159     1.306
        7      78    30.229     1.961    -0.653     0.159     1.303
        7      79    29.538     1.940    -0.647     0.159     1.309
        7      80    30.095     1.935    -0.652     0.159     1.304
        7      81    29.673     1.965    -0.648     0.159     1.308
        7      82    29.477     1.950    -0.646     0.159     1.302
        7      83    30.284     1.950    -0.654     0.159     1.310
        7      84    29.881     1.950    -0.650     0.159     1.309
        7      85    29.876     1.950    -0.650     0.159     1.303
        7      86    29.878     1.950    -0.650     0.159     1.306
        7      87    28.929     1.954    -0.640     0.159     1.305
        7       0    13.206     1.502    -0.412     0.215     1.295
        7       1    12.379     1.751    -0.412     0.215     1.295
        7       2    12.508     1.876    -0.412     0.215     1.295
        7       3    12.673     1.627    -0.412     0.215     1.295
        7       4    12.440     1.710    -0.412     0.215     1.295
        7       5    12.364     1.793    -0.412     0.215     1.295
        7       6    12.508     1.876    -0.412     0.215     1.295
        7       7    12.369     1.765    -0.412     0.215     1.295
        7       8    12.385     1.820    -0.412     0.215     1.295
        7       9    12.440     1.710    -0.412     0.215     1.295
        7      10     9.527     1.765    -0.345     0.215     1.295
        7      11    12.905     1.765    -0.423     0.215     1.295
        7      12     7.390     1.765    -0.268     0.215     1.295
        7      13     8.677     1.765    -0.319     0.215     1.295
        7      14    10.515     1.765    -0.371     0.215     1.295
        7      15     7.390     1.765    -0.268     0.215     1.295
        7      16     8.187     1.765    -0.302     0.215     1.295
        7      17     9.228     1.765    -0.337     0.215     1.295
        7      18     7.390     1.765    -0.268     0.215     1.295
        7      19     8.084     1.765    -0.268     0.140     1.295
        7      20     6.887     1.765    -0.268     0.290     1.295
        7      21     7.603     1.765    -0.268     0.190     1.295
        7      22     7.199     1.765    -0.268     0.240     1.295
        7      23     6.887     1.765    -0.268     0.290     1.295
        7      24     7.324     1.765    -0.268     0.223     1.295
        7      25     7.083     1.765    -0.268     0.257     1.295
        7      26     6.887     1.765    -0.268     0.290     1.295
        7      27     6.776     1.765    -0.268     0.290     1.061
        7      28     6.806     1.765    -0.268     0.290     1.281
        7      29     7.916     1.765    -0.268     0.290     0.951
        7      30     6.474     1.765    -0.268     0.290     1.171
        7      31     7.051     1.765    -0.268     0.290     1.025
        7      32     6.593     1.765    -0.268     0.290     1.098
        7      33     6.474     1.765    -0.268     0.290     1.171
        7      34     6.705     1.765    -0.268     0.290     1.073
        7      35     6.519     1.765    -0.268     0.290     1.122
        7      36     6.474     1.765    -0.268     0.290     1.171
        7      37    12.745     1.928    -0.412     0.215     1.295
        7      38     6.474     1.765    -0.268     0.290     1.171
        7      39    10.239     1.874    -0.364     0.240     1.254
        7      40     8.149     1.819    -0.316     0.265     1.212
        7      41     6.474     1.765    -0.268     0.290     1.171
        7      42     8.800     1.837    -0.332     0.257     1.226
        7      43     7.545     1.801    -0.300     0.274     1.198
        7      44     6.474     1.765    -0.268     0.290     1.171
        7      45     6.507     1.765    -0.269     0.289     1.171
        7      46     6.442     1.765    -0.266     0.291     1.171
        7      47     6.448     1.765    -0.266     0.289     1.171
        7      48     6.501     1.765    -0.269     0.291     1.171
        7      49     6.474     1.765    -0.268     0.290     1.171
        7      50     6.415     1.765    -0.265     0.290     1.171
        7       0     5.807     1.549    -0.265     0.290     1.171
        7       1     6.484     1.775    -0.265     0.290     1.171
        7       2     5.913     1.436    -0.265     0.290     1.171
        7       3     5.948     1.662    -0.265     0.290     1.171
        7       4     5.821     1.512    -0.265     0.290     1.171
        7       5     5.820     1.587    -0.265     0.290     1.171
        7       6     5.948     1.662    -0.265     0.290     1.171
        7       7     5.808     1.562    -0.265     0.290     1.171
        7       8     5.846     1.612    -0.265     0.290     1.171
        7       9     5.821     1.512    -0.265     0.290     1.171
        7      10     4.663     1.562    -0.199     0.290     1.171
        7      11     7.869     1.562    -0.331     0.290     1.171
        7      12     5.325     1.562    -0.243     0.290     1.171
        7      13     6.393     1.562    -0.287     0.290     1.171
        7      14     4.663     1.562    -0.199     0.290     1.171
        7      15     5.121     1.562    -0.199     0.217     1.171
        7      16     4.411     1.562    -0.199     0.362     1.171
        7      17     4.796     1.562    -0.199     0.266     1.171
        7      18     4.553     1.562    -0.199     0.314     1.171
        7      19     4.411     1.562    -0.199     0.362     1.171
        7      20     4.624     1.562    -0.199     0.298     1.171
        7      21     4.494     1.562    -0.199     0.330     1.171
        7      22     4.411     1.562    -0.199     0.362     1.171
        7      23     3.952     1.562    -0.199     0.362     0.985
        7      24     4.059     1.562    -0.199     0.362     1.093
        7      25     4.421     1.562    -0.199     0.362     0.878
        7      26     4.036     1.562    -0.199     0.362     0.950
        7      27     3.932     1.562    -0.199     0.362     1.021
        7      28     4.059     1.562    -0.199     0.362     1.093
        7      29     3.939     1.562    -0.199     0.362     0.997
        7      30     3.951     1.562    -0.199     0.362     1.045
        7      31     4.036     1.562    -0.199     0.362     0.950
        7      32     3.958     1.562    -0.199     0.362     0.982
        7      33     3.932     1.562    -0.199     0.362     1.013
        7      34     3.951     1.562    -0.199     0.362     1.045
        7      35     6.419     1.765    -0.265     0.290     1.171
        7      36     3.932     1.562    -0.199     0.362     1.013
        7      37     5.468     1.697    -0.243     0.314     1.118
        7      38     4.639     1.629    -0.221     0.338     1.066
        7      39     3.932     1.562    -0.199     0.362     1.013
        7      40     4.902     1.652    -0.228     0.330     1.083
        7      41     4.390     1.607    -0.213     0.346     1.048
        7      42     3.932     1.562    -0.199     0.362     1.013
        7      43     3.939     1.562    -0.199     0.362     1.013
        7      44     3.924     1.562    -0.198     0.363     1.013
        7      45     3.924     1.562    -0.198     0.362     1.013
        7      46     3.939     1.562    -0.199     0.363     1.013
        7      47     3.932     1.562    -0.199     0.362     1.013
        7      48     3.916     1.562    -0.197     0.362     1.013
        7       0     3.436     1.432    -0.197     0.362     1.013
        7       1     5.043     1.692    -0.197     0.362     1.013
        7       2     3.355     1.302    -0.197     0.362     1.013
        7       3     3.482     1.171    -0.197     0.362     1.013
        7       4     3.351     1.345    -0.197     0.362     1.013
        7       5     3.696     1.519    -0.197     0.362     1.013
        7       6     3.381     1.258    -0.197     0.362     1.013
        7       7     3.436     1.432    -0.197     0.362     1.013
        7       8     3.350     1.316    -0.197     0.362     1.013
        7       9     3.364     1.374    -0.197     0.362     1.013
        7      10     3.381     1.258    -0.197     0.362     1.013
        7      11     2.807     1.316    -0.148     0.362     1.013
        7      12     4.404     1.316    -0.246     0.362     1.013
        7      13     3.113     1.316    -0.181     0.362     1.013
        7      14     3.645     1.316    -0.213     0.362     1.013
        7      15     2.807     1.316    -0.148     0.362     1.013
        7      16     3.087     1.316    -0.148     0.271     1.013
        7      17     2.796     1.316    -0.148     0.400     1.013
        7      18     2.915     1.316    -0.148     0.314     1.013
        7      19     2.813     1.316    -0.148     0.357     1.013
        7      20     2.796     1.316    -0.148     0.400     1.013
        7      21     2.337     1.316    -0.148     0.400     0.873
        7      22     2.671     1.316    -0.148     0.400     0.987
        7      23     2.438     1.316    -0.148     0.400     0.760
        7      24     2.315     1.316    -0.148     0.400     0.835
        7      25     2.408     1.316    -0.148     0.400     0.911
        7      26     2.438     1.316    -0.148     0.400     0.760
        7      27     2.329     1.316    -0.148     0.400     0.810
        7      28     2.324     1.316    -0.148     0.400     0.861
        7      29     2.408     1.316    -0.148     0.400     0.911
        7      30     2.315     1.316    -0.148     0.400     0.844
        7      31     2.343     1.316    -0.148     0.400     0.877
        7      32     2.329     1.316    -0.148     0.400     0.810
        7      33     3.298     1.480    -0.181     0.375     0.957
        7      34     2.766     1.398    -0.164     0.387     0.900
        7      35     2.315     1.316    -0.148     0.400     0.844
        7      36     2.934     1.425    -0.170     0.383     0.919
        7      37     2.607     1.371    -0.159     0.392     0.881
        7      38     2.315     1.316    -0.148     0.400     0.844
        7      39     2.329     1.319    -0.148     0.400     0.845
        7      40     2.302     1.314    -0.147     0.400     0.842
        7      41     2.299     1.311    -0.148     0.400     0.845
        7      42     2.332     1.321    -0.147     0.400     0.843
        7      43     2.314     1.316    -0.147     0.400     0.847
        7      44     2.317     1.316    -0.148     0.400     0.841
        7      45     2.315     1.316    -0.148     0.400     0.844
        7      46     2.285     1.309    -0.147     0.400     0.846
        7       0     1.963     1.188    -0.147     0.362     0.846
        7       1     2.654     1.394    -0.147     0.362     0.846
        7       2     1.928     1.085    -0.147     0.362     0.846
        7       3     1.989     0.982    -0.147     0.362     0.846
        7       4     1.926     1.119    -0.147     0.362     0.846
        7       5     2.076     1.257    -0.147     0.362     0.846
        7       6     1.940     1.050    -0.147     0.362     0.846
        7       7     1.963     1.188    -0.147     0.362     0.846
        7       8     1.926     1.096    -0.147     0.362     0.846
        7       9     1.931     1.142    -0.147     0.362     0.846
        7      10     1.940     1.050    -0.147     0.362     0.846
        7      11     1.695     1.096    -0.110     0.362     0.846
        7      12     2.439     1.096    -0.184     0.362     0.846
        7      13     1.872     1.096    -0.110     0.271     0.846
        7      14     1.720     1.096    -0.110     0.400     0.846
        7      15     1.751     1.096    -0.110     0.314     0.846
        7      16     1.696     1.096    -0.110     0.357     0.846
        7      17     1.720     1.096    -0.110     0.400     0.846
        7      18     1.393     1.096    -0.110     0.357     0.756
        7      19     1.842     1.096    -0.110     0.357     0.878
        7      20     1.293     1.096    -0.110     0.357     0.695
        7      21     1.301     1.096    -0.110     0.357     0.634
        7      22     1.315     1.096    -0.110     0.357     0.716
        7      23     1.510     1.096    -0.110     0.357     0.797
        7      24     1.301     1.096    -0.110     0.357     0.634
        7      25     1.288     1.096    -0.110     0.357     0.689
        7      26     1.362     1.096    -0.110     0.357     0.743
        7      27     1.301     1.096    -0.110     0.357     0.634
        7      28     1.282     1.096    -0.110     0.357     0.671
        7      29     1.303     1.096    -0.110     0.357     0.707
        7      30     1.301     1.096    -0.110     0.357     0.634
        7      31     1.872     1.238    -0.135     0.360     0.788
        7      32     1.555     1.167    -0.122     0.359     0.729
        7      33     1.282     1.096    -0.110     0.357     0.671
        7      34     1.656     1.191    -0.127     0.359     0.749
        7      35     1.459     1.144    -0.118     0.358     0.710
        7      36     1.282     1.096    -0.110     0.357     0.671
        7      37     1.289     1.098    -0.111     0.357     0.672
        7      38     1.274     1.094    -0.110     0.357     0.669
        7      39     1.270     1.092    -0.110     0.357     0.671
        7      40     1.295     1.100    -0.110     0.357     0.670
        7      41     1.281     1.096    -0.110     0.357     0.673
        7      42     1.283     1.096    -0.111     0.357     0.668
        7      43     1.282     1.096    -0.110     0.357     0.671
        7      44     1.262     1.090    -0.110     0.357     0.672
        7       0     1.037     0.945    -0.110     0.357     0.672
        7       1     1.215     1.073    -0.110     0.357     0.672
        7       2     1.041     0.818    -0.110     0.357     0.672
        7       3     1.024     0.903    -0.110     0.357     0.672
        7       4     1.069     0.988    -0.110     0.357     0.672
        7       5     1.041     0.818    -0.110     0.357     0.672
        7       6     1.025     0.874    -0.110     0.357     0.672
        7       7     1.031     0.931    -0.110     0.357     0.672
        7       8     1.041     0.818    -0.110     0.357     0.672
        7       9     1.028     0.855    -0.110     0.357     0.672
        7      10     1.024     0.893    -0.110     0.357     0.672
        7      11     1.031     0.931    -0.110     0.357     0.672
        7      12     1.015     0.893    -0.050     0.357     0.672
        7      13     1.015     0.893    -0.050     0.357     0.672
        7      14     1.113     0.893    -0.050     0.268     0.672
        7      15     1.070     0.893    -0.050     0.400     0.672
        7      16     1.033     0.893    -0.050     0.312     0.672
        7      17     1.015     0.893    -0.050     0.356     0.672
        7      18     1.070     0.893    -0.050     0.400     0.672
        7      19     0.867     0.893    -0.050     0.356     0.603
        7      20     1.101     0.893    -0.050     0.356     0.701
        7      21     0.830     0.893    -0.050     0.356     0.504
        7      22     0.829     0.893    -0.050     0.356     0.570
        7      23     0.926     0.893    -0.050     0.356     0.636
        7      24     0.830     0.893    -0.050     0.356     0.504
        7      25     0.818     0.893    -0.050     0.356     0.548
        7      26     0.852     0.893    -0.050     0.356     0.592
        7      27     0.830     0.893    -0.050     0.356     0.504
        7      28     0.818     0.893    -0.050     0.356     0.548
        7      29     0.818     0.893    -0.050     0.356     0.548
        7      30     0.818     0.893    -0.050     0.356     0.548
        7      31     0.818     0.893    -0.050     0.356     0.548
        7      32     0.816     0.891    -0.049     0.356     0.547
        7      33     0.818     0.893    -0.050     0.356     0.548
        7      34     0.834     0.899    -0.050     0.356     0.547
        7      35     0.820     0.893    -0.050     0.356     0.552
        7      36     0.818     0.893    -0.050     0.356     0.548
        7      37     0.818     0.893    -0.050     0.356     0.548
        7      38     0.816     0.891    -0.049     0.356     0.547
        7       0     0.753     0.861    -0.049     0.356     0.547
        7       1     0.898     0.921    -0.049     0.356     0.547
        7       2     0.700     0.832    -0.049     0.356     0.547
        7       3     0.657     0.802    -0.049     0.356     0.547
        7       4     0.717     0.842    -0.049     0.356     0.547
        7       5     0.795     0.881    -0.049     0.356     0.547
        7       6     0.657     0.802    -0.049     0.356     0.547
        7       7     0.695     0.828    -0.049     0.356     0.547
        7       8     0.740     0.855    -0.049     0.356     0.547
        7       9     0.657     0.802    -0.049     0.356     0.547
        7      10     0.681     0.820    -0.049     0.356     0.547
        7      11     0.709     0.837    -0.049     0.356     0.547
        7      12     0.657     0.802    -0.049     0.356     0.547
        7      13     0.682     0.802    -0.044     0.356     0.547
        7      14     0.653     0.802    -0.050     0.356     0.547
        7      15     0.618     0.802    -0.050     0.320     0.547
        7      16     0.736     0.802    -0.050     0.392     0.547
        7      17     0.636     0.802    -0.050     0.344     0.547
        7      18     0.675     0.802    -0.050     0.368     0.547
        7      19     0.618     0.802    -0.050     0.320     0.547
        7      20     0.628     0.802    -0.050     0.336     0.547
        7      21     0.647     0.802    -0.050     0.352     0.547
        7      22     0.618     0.802    -0.050     0.320     0.547
        7      23     0.592     0.802    -0.050     0.320     0.529
        7      24     0.650     0.802    -0.050     0.320     0.565
        7      25     0.558     0.802    -0.050     0.320     0.492
        7      26     0.578     0.802    -0.050     0.320     0.517
        7      27     0.608     0.802    -0.050     0.320     0.541
        7      28     0.558     0.802    -0.050     0.320     0.492
        7      29     0.570     0.802    -0.050     0.320     0.509
        7      30     0.587     0.802    -0.050     0.320     0.525
        7      31     0.558     0.802    -0.050     0.320     0.492
        7      32     0.724     0.861    -0.049     0.344     0.529
        7      33     0.638     0.832    -0.050     0.332     0.511
        7      34     0.558     0.802    -0.050     0.320     0.492
        7      35     0.666     0.842    -0.050     0.336     0.517
        7      36     0.610     0.822    -0.050     0.328     0.504
        7      37     0.558     0.802    -0.050     0.320     0.492
        7      38     0.561     0.803    -0.050     0.321     0.493
        7      39     0.556     0.801    -0.050     0.320     0.492
        7      40     0.557     0.801    -0.050     0.321     0.493
        7      41     0.560     0.803    -0.050     0.320     0.492
        7      42     0.558     0.802    -0.050     0.320     0.493
        7      43     0.559     0.802    -0.050     0.321     0.492
        7      44     0.558     0.802    -0.050     0.320     0.492
        7      45     0.554     0.800    -0.050     0.320     0.493
        7       0     0.513     0.773    -0.050     0.320     0.493
        7       1     0.607     0.827    -0.050     0.320     0.493
        7       2     0.479     0.747    -0.050     0.320     0.493
        7       3     0.451     0.720    -0.050     0.320     0.493
        7       4     0.489     0.756    -0.050     0.320     0.493
        7       5     0.540     0.791    -0.050     0.320     0.493
        7       6     0.451     0.720    -0.050     0.320     0.493
        7       7     0.475     0.744    -0.050     0.320     0.493
        7       8     0.505     0.767    -0.050     0.320     0.493
        7       9     0.451     0.720    -0.050     0.320     0.493
        7      10     0.467     0.736    -0.050     0.320     0.493
        7      11     0.484     0.752    -0.050     0.320     0.493
        7      12     0.451     0.720    -0.050     0.320     0.493
        7      13     0.469     0.720    -0.045     0.320     0.493
        7      14     0.451     0.720    -0.050     0.320     0.493
        7      15     0.439     0.720    -0.050     0.288     0.493
        7      16     0.494     0.720    -0.050     0.350     0.493
        7      17     0.443     0.720    -0.050     0.309     0.493
        7      18     0.461     0.720    -0.050     0.329     0.493
        7      19     0.439     0.720    -0.050     0.288     0.493
        7      20     0.440     0.720    -0.050     0.302     0.493
        7      21     0.448     0.720    -0.050     0.316     0.493
        7      22     0.439     0.720    -0.050     0.288     0.493
        7      23     0.381     0.720    -0.050     0.288     0.444
        7      24     0.450     0.720    -0.050     0.288     0.500
        7      25     0.398     0.720    -0.050     0.288     0.462
        7      26     0.421     0.720    -0.050     0.288     0.481
        7      27     0.381     0.720    -0.050     0.288     0.444
        7      28     0.492     0.773    -0.050     0.309     0.477
        7      29     0.434     0.747    -0.050     0.299     0.460
        7      30     0.381     0.720    -0.050     0.288     0.444
        7      31     0.453     0.756    -0.050     0.302     0.466
        7      32     0.416     0.738    -0.050     0.295     0.455
        7      33     0.381     0.720    -0.050     0.288     0.444
        7      34     0.383     0.721    -0.050     0.288     0.444
        7      35     0.380     0.719    -0.050     0.288     0.443
        7      36     0.380     0.719    -0.050     0.288     0.444
        7      37     0.383     0.721    -0.050     0.288     0.443
        7      38     0.382     0.720    -0.050     0.288     0.444
        7      39     0.381     0.720    -0.050     0.288     0.443
        7      40     0.381     0.720    -0.050     0.288     0.444
        7      41     0.379     0.718    -0.050     0.288     0.443
        7       0     0.351     0.694    -0.050     0.288     0.443
        7       1     0.412     0.742    -0.050     0.288     0.443
        7       2     0.312     0.646    -0.050     0.288     0.443
        7       3     0.336     0.678    -0.050     0.288     0.443
        7       4     0.369     0.710    -0.050     0.288     0.443
        7       5     0.312     0.646    -0.050     0.288     0.443
        7       6     0.327     0.667    -0.050     0.288     0.443
        7       7     0.346     0.689    -0.050     0.288     0.443
        7       8     0.312     0.646    -0.050     0.288     0.443
        7       9     0.322     0.660    -0.050     0.288     0.443
        7      10     0.333     0.675    -0.050     0.288     0.443
        7      11     0.312     0.646    -0.050     0.288     0.443
        7      12     0.324     0.646    -0.045     0.288     0.443
        7      13     0.312     0.646    -0.050     0.288     0.443
        7      14     0.312     0.646    -0.050     0.259     0.443
        7      15     0.319     0.646    -0.050     0.300     0.443
        7      16     0.309     0.646    -0.050     0.273     0.443
        7      17     0.311     0.646    -0.050     0.286     0.443
        7      18     0.312     0.646    -0.050     0.259     0.443
        7      19     0.264     0.646    -0.050     0.273     0.399
        7      20     0.319     0.646    -0.050     0.273     0.450
        7      21     0.278     0.646    -0.050     0.273     0.416
        7      22     0.296     0.646    -0.050     0.273     0.433
        7      23     0.264     0.646    -0.050     0.273     0.399
        7      24     0.378     0.718    -0.050     0.288     0.443
        7      25     0.264     0.646    -0.050     0.273     0.399
        7      26     0.337     0.694    -0.050     0.283     0.428
        7      27     0.299     0.670    -0.050     0.278     0.413
        7      28     0.264     0.646    -0.050     0.273     0.399
        7      29     0.311     0.678    -0.050     0.280     0.418
        7      30     0.287     0.662    -0.050     0.276     0.409
        7      31     0.264     0.646    -0.050     0.273     0.399
        7      32     0.265     0.647    -0.050     0.273     0.399
        7      33     0.263     0.645    -0.050     0.273     0.398
        7      34     0.264     0.645    -0.050     0.273     0.399
        7      35     0.264     0.647    -0.050     0.273     0.398
        7      36     0.264     0.646    -0.050     0.273     0.399
        7      37     0.263     0.645    -0.050     0.273     0.399
        7       0     0.215     0.556    -0.050     0.273     0.399
        7       1     0.249     0.628    -0.050     0.273     0.399
        7       2     0.208     0.520    -0.050     0.273     0.399
        7       3     0.206     0.484    -0.050     0.273     0.399
        7       4     0.210     0.532    -0.050     0.273     0.399
        7       5     0.223     0.580    -0.050     0.273     0.399
        7       6     0.207     0.508    -0.050     0.273     0.399
        7       7     0.206     0.484    -0.050     0.273     0.399
        7       8     0.208     0.516    -0.050     0.273     0.399
        7       9     0.213     0.548    -0.050     0.273     0.399
        7      10     0.206     0.484    -0.050     0.273     0.399
        7      11     0.207     0.505    -0.050     0.273     0.399
        7      12     0.209     0.526    -0.050     0.273     0.399
        7      13     0.206     0.484    -0.050     0.273     0.399
        7      14     0.207     0.498    -0.050     0.273     0.399
        7      15     0.207     0.512    -0.050     0.273     0.399
        7      16     0.206     0.484    -0.050     0.273     0.399
        7      17     0.208     0.484    -0.038     0.273     0.399
        7      18     0.206     0.484    -0.050     0.273     0.399
        7      19     0.208     0.484    -0.050     0.237     0.399
        7      20     0.205     0.484    -0.050     0.268     0.399
        7      21     0.228     0.484    -0.050     0.300     0.399
        7      22     0.203     0.484    -0.050     0.258     0.399
        7      23     0.209     0.484    -0.050     0.279     0.399
        7      24     0.208     0.484    -0.050     0.237     0.399
        7      25     0.203     0.484    -0.050     0.251     0.399
        7      26     0.204     0.484    -0.050     0.265     0.399
        7      27     0.208     0.484    -0.050     0.237     0.399
        7      28     0.132     0.484    -0.050     0.251     0.333
        7      29     0.162     0.484    -0.050     0.251     0.366
        7      30     0.116     0.484    -0.050     0.251     0.299
        7      31     0.125     0.484    -0.050     0.251     0.322
        7      32     0.140     0.484    -0.050     0.251     0.344
        7      33     0.116     0.484    -0.050     0.251     0.299
        7      34     0.121     0.484    -0.050     0.251     0.314
        7      35     0.129     0.484    -0.050     0.251     0.329
        7      36     0.116     0.484    -0.050     0.251     0.299
        7      37     0.198     0.591    -0.050     0.266     0.366
        7      38     0.149     0.537    -0.050     0.258     0.333
        7      39     0.131     0.511    -0.050     0.254     0.316
        7      40     0.116     0.484    -0.050     0.251     0.299
        7      41     0.164     0.555    -0.050     0.261     0.344
        7      42     0.137     0.520    -0.050     0.256     0.321
        7      43     0.116     0.484    -0.050     0.251     0.299
        7      44     0.145     0.532    -0.050     0.257     0.329
        7      45     0.129     0.508    -0.050     0.254     0.314
        7      46     0.116     0.484    -0.050     0.251     0.299
        7      47     0.134     0.516    -0.050     0.255     0.319
        7      48     0.124     0.500    -0.050     0.253     0.309
        7      49     0.116     0.484    -0.050     0.251     0.299
        7      50     0.117     0.485    -0.050     0.251     0.300
        7      51     0.115     0.482    -0.050     0.250     0.298
        7      52     0.116     0.482    -0.050     0.251     0.300
        7      53     0.116     0.485    -0.050     0.250     0.298
        7      54     0.115     0.484    -0.050     0.250     0.300
        7      55     0.117     0.484    -0.050     0.252     0.299
        7      56     0.116     0.484    -0.050     0.251     0.299
        7      57     0.115     0.484    -0.050     0.249     0.298
        7       0     0.112     0.409    -0.050     0.249     0.298
        7       1     0.110     0.454    -0.050     0.249     0.298
        7       2     0.119     0.500    -0.050     0.249     0.298
        7       3     0.110     0.439    -0.050     0.249     0.298
        7       4     0.112     0.470    -0.050     0.249     0.298
        7       5     0.112     0.409    -0.050     0.249     0.298
        7       6     0.110     0.429    -0.050     0.249     0.298
        7       7     0.110     0.449    -0.050     0.249     0.298
        7       8     0.112     0.470    -0.050     0.249     0.298
        7       9     0.110     0.442    -0.050     0.249     0.298
        7      10     0.110     0.456    -0.050     0.249     0.298
        7      11     0.110     0.429    -0.050     0.249     0.298
        7      12     0.103     0.442    -0.038     0.249     0.298
        7      13     0.110     0.442    -0.050     0.249     0.298
        7      14     0.092     0.442    -0.038     0.225     0.298
        7      15     0.115     0.442    -0.038     0.262     0.298
        7      16     0.099     0.442    -0.038     0.187     0.298
        7      17     0.091     0.442    -0.038     0.212     0.298
        7      18     0.096     0.442    -0.038     0.237     0.298
        7      19     0.099     0.442    -0.038     0.187     0.298
        7      20     0.093     0.442    -0.038     0.204     0.298
        7      21     0.091     0.442    -0.038     0.220     0.298
        7      22     0.096     0.442    -0.038     0.237     0.298
        7      23     0.080     0.442    -0.038     0.220     0.223
        7      24     0.093     0.442    -0.038     0.220     0.300
        7      25     0.075     0.442    -0.038     0.220     0.249
        7      26     0.079     0.442    -0.038     0.220     0.274
        7      27     0.080     0.442    -0.038     0.220     0.223
        7      28     0.075     0.442    -0.038     0.220     0.240
        7      29     0.075     0.442    -0.038     0.220     0.257
        7      30     0.079     0.442    -0.038     0.220     0.274
        7      31     0.114     0.484    -0.050     0.249     0.298
        7      32     0.075     0.442    -0.038     0.220     0.257
        7      33     0.098     0.470    -0.046     0.239     0.284
        7      34     0.085     0.456    -0.042     0.230     0.271
        7      35     0.075     0.442    -0.038     0.220     0.257
        7      36     0.076     0.443    -0.038     0.221     0.258
        7      37     0.075     0.442    -0.037     0.220     0.257
        7      38     0.075     0.441    -0.038     0.220     0.258
        7      39     0.076     0.444    -0.037     0.220     0.257
        7      40     0.076     0.442    -0.037     0.221     0.258
        7      41     0.075     0.442    -0.038     0.220     0.257
        7      42     0.075     0.442    -0.038     0.220     0.258
        7      43     0.076     0.442    -0.038     0.221     0.257
        7      44     0.075     0.442    -0.038     0.220     0.257
        7      45     0.074     0.441    -0.038     0.219     0.257
        7       0     0.035     0.314    -0.029     0.197     0.212
        7       1     0.042     0.357    -0.029     0.197     0.212
        7       2     0.034     0.271    -0.029     0.197     0.212
        7       3     0.034     0.300    -0.029     0.197     0.212
        7       4     0.036     0.329    -0.029     0.197     0.212
        7       5     0.034     0.271    -0.029     0.197     0.212
        7       6     0.034     0.291    -0.029     0.197     0.212
        7       7     0.034     0.310    -0.029     0.197     0.212
        7       8     0.034     0.271    -0.029     0.197     0.212
        7       9     0.037     0.291    -0.022     0.197     0.212
        7      10     0.041     0.291    -0.036     0.197     0.212
        7      11     0.036     0.291    -0.022     0.148     0.212
        7      12     0.038     0.291    -0.022     0.200     0.212
        7      13     0.032     0.291    -0.022     0.165     0.212
        7      14     0.032     0.291    -0.022     0.183     0.212
        7      15     0.036     0.291    -0.022     0.148     0.212
        7      16     0.024     0.291    -0.022     0.165     0.159
        7      17     0.036     0.291    -0.022     0.165     0.220
        7      18     0.023     0.291    -0.022     0.165     0.179
        7      19     0.027     0.291    -0.022     0.165     0.200
        7      20     0.024     0.291    -0.022     0.165     0.159
        7      21     0.023     0.291    -0.022     0.165     0.173
        7      22     0.024     0.291    -0.022     0.165     0.186
        7      23     0.024     0.291    -0.022     0.165     0.159
        7      24     0.043     0.362    -0.029     0.197     0.212
        7      25     0.023     0.291    -0.022     0.165     0.173
        7      26     0.035     0.338    -0.027     0.186     0.199
        7      27     0.028     0.314    -0.024     0.176     0.186
        7      28     0.023     0.291    -0.022     0.165     0.173
        7      29     0.031     0.322    -0.025     0.179     0.190
        7      30     0.026     0.306    -0.023     0.172     0.181
        7      31     0.023     0.291    -0.022     0.165     0.173
        7      32     0.023     0.291    -0.022     0.165     0.173
        7      33     0.023     0.290    -0.022     0.165     0.172
        7      34     0.023     0.289    -0.022     0.165     0.173
        7      35     0.023     0.292    -0.022     0.165     0.172
        7      36     0.023     0.291    -0.022     0.166     0.173
        7      37     0.023     0.291    -0.022     0.165     0.172
        7      38     0.023     0.291    -0.022     0.165     0.173
        7      39     0.023     0.291    -0.022     0.166     0.172
        7      40     0.023     0.291    -0.022     0.165     0.173
        7      41     0.022     0.289    -0.022     0.164     0.172
        7       0     0.016     0.247    -0.022     0.164     0.172
        7       1     0.019     0.270    -0.022     0.164     0.172
        7       2     0.016     0.232    -0.022     0.164     0.172
        7       3     0.015     0.224    -0.022     0.164     0.172
        7       4     0.015     0.217    -0.022     0.164     0.172
        7       5     0.016     0.234    -0.022     0.164     0.172
        7       6     0.017     0.252    -0.022     0.164     0.172
        7       7     0.015     0.226    -0.022     0.164     0.172
        7       8     0.015     0.217    -0.022     0.164     0.172
        7       9     0.016     0.229    -0.022     0.164     0.172
        7      10     0.016     0.240    -0.022     0.164     0.172
        7      11     0.015     0.223    -0.022     0.164     0.172
        7      12     0.015     0.217    -0.022     0.164     0.172
        7      13     0.015     0.225    -0.022     0.164     0.172
        7      14     0.016     0.232    -0.022     0.164     0.172
        7      15     0.015     0.217    -0.022     0.164     0.172
        7      16     0.015     0.222    -0.022     0.164     0.172
        7      17     0.015     0.227    -0.022     0.164     0.172
        7      18     0.015     0.217    -0.022     0.164     0.172
        7      19     0.015     0.220    -0.022     0.164     0.172
        7      20     0.015     0.224    -0.022     0.164     0.172
        7      21     0.015     0.217    -0.022     0.164     0.172
        7      22     0.017     0.217    -0.017     0.164     0.172
        7      23     0.020     0.217    -0.027     0.164     0.172
        7      24     0.015     0.217    -0.020     0.164     0.172
        7      25     0.016     0.217    -0.024     0.164     0.172
        7      26     0.017     0.217    -0.017     0.164     0.172
        7      27     0.014     0.217    -0.020     0.139     0.172
        7      28     0.014     0.217    -0.020     0.154     0.172
        7      29     0.015     0.217    -0.020     0.162     0.172
        7      30     0.013     0.217    -0.020     0.147     0.172
        7      31     0.013     0.217    -0.020     0.152     0.172
        7      32     0.014     0.217    -0.020     0.157     0.172
        7      33     0.013     0.217    -0.020     0.147     0.172
        7      34     0.013     0.217    -0.020     0.150     0.172
        7      35     0.013     0.217    -0.020     0.153     0.172
        7      36     0.013     0.217    -0.020     0.147     0.172
        7      37     0.010     0.217    -0.020     0.147     0.146
        7      38     0.011     0.217    -0.020     0.147     0.163
        7      39     0.011     0.217    -0.020     0.147     0.138
        7      40     0.010     0.217    -0.020     0.147     0.154
        7      41     0.010     0.217    -0.020     0.147     0.143
        7      42     0.010     0.217    -0.020     0.147     0.149
        7      43     0.010     0.217    -0.020     0.147     0.154
        7      44     0.010     0.217    -0.020     0.147     0.147
        7      45     0.010     0.217    -0.020     0.147     0.151
        7      46     0.010     0.217    -0.020     0.147     0.143
        7      47     0.016     0.263    -0.021     0.158     0.163
        7      48     0.013     0.243    -0.021     0.153     0.156
        7      49     0.011     0.230    -0.021     0.150     0.151
        7      50     0.011     0.223    -0.020     0.148     0.149
        7      51     0.010     0.217    -0.020     0.147     0.147
        7      52     0.014     0.247    -0.021     0.154     0.158
        7      53     0.012     0.232    -0.021     0.150     0.152
        7      54     0.011     0.224    -0.020     0.148     0.150
        7      55     0.010     0.217    -0.020     0.147     0.147
        7      56     0.012     0.237    -0.021     0.151     0.154
        7      57     0.011     0.227    -0.020     0.149     0.150
        7      58     0.011     0.222    -0.020     0.148     0.149
        7      59     0.010     0.217    -0.020     0.147     0.147
        7      60     0.012     0.230    -0.021     0.150     0.152
        7      61     0.011     0.224    -0.020     0.148     0.149
        7      62     0.010     0.217    -0.020     0.147     0.147
        7      63     0.011     0.226    -0.020     0.149     0.150
        7      64     0.011     0.221    -0.020     0.148     0.149
        7      65     0.010     0.217    -0.020     0.147     0.147
        7      66     0.010     0.217    -0.020     0.147     0.147
        7      67     0.010     0.216    -0.020     0.146     0.147
        7      68     0.010     0.216    -0.020     0.147     0.147
        7      69     0.010     0.217    -0.020     0.146     0.147
        7      70     0.010     0.217    -0.020     0.147     0.147
        7      71     0.010     0.217    -0.020     0.146     0.147
        7      72     0.010     0.217    -0.020     0.146     0.147
        7      73     0.010     0.217    -0.020     0.147     0.147
        7      74     0.010     0.217    -0.020     0.147     0.147
        7      75     0.010     0.217    -0.020     0.146     0.147
        7       0     0.010     0.184    -0.020     0.146     0.147
        7       1     0.010     0.199    -0.020     0.146     0.147
        7       2     0.010     0.210    -0.020     0.146     0.147
        7       3     0.010     0.194    -0.020     0.146     0.147
        7       4     0.010     0.204    -0.020     0.146     0.147
        7       5     0.010     0.197    -0.020     0.146     0.147
        7       6     0.010     0.201    -0.020     0.146     0.147
        7       7     0.010     0.194    -0.020     0.146     0.147
        7       8     0.010     0.196    -0.020     0.146     0.147
        7       9     0.010     0.199    -0.020     0.146     0.147
        7      10     0.010     0.194    -0.020     0.146     0.147
        7      11     0.010     0.196    -0.018     0.146     0.147
        7      12     0.010     0.196    -0.022     0.146     0.147
        7      13     0.011     0.196    -0.015     0.146     0.147
        7      14     0.010     0.196    -0.017     0.146     0.147
        7      15     0.009     0.196    -0.019     0.146     0.147
        7      16     0.010     0.196    -0.022     0.146     0.147
        7      17     0.008     0.196    -0.019     0.124     0.147
        7      18     0.008     0.196    -0.019     0.135     0.147
        7      19     0.009     0.196    -0.019     0.117     0.147
        7      20     0.008     0.196    -0.019     0.128     0.147
        7      21     0.008     0.196    -0.019     0.132     0.147
        7      22     0.008     0.196    -0.019     0.122     0.147
        7      23     0.008     0.196    -0.019     0.127     0.147
        7      24     0.008     0.196    -0.019     0.132     0.147
        7      25     0.008     0.196    -0.019     0.125     0.147
        7      26     0.008     0.196    -0.019     0.128     0.147
        7      27     0.008     0.196    -0.019     0.132     0.147
        7      28     0.008     0.196    -0.019     0.127     0.147
        7      29     0.008     0.196    -0.019     0.129     0.147
        7      30     0.008     0.196    -0.019     0.132     0.147
        7      31     0.006     0.196    -0.019     0.129     0.125
        7      32     0.006     0.196    -0.019     0.129     0.136
        7      33     0.007     0.196    -0.019     0.129     0.143
        7      34     0.006     0.196    -0.019     0.129     0.132
        7      35     0.006     0.196    -0.019     0.129     0.128
        7      36     0.006     0.196    -0.019     0.129     0.133
        7      37     0.006     0.196    -0.019     0.129     0.138
        7      38     0.006     0.196    -0.019     0.129     0.128
        7      39     0.006     0.196    -0.019     0.129     0.132
        7      40     0.006     0.196    -0.019     0.129     0.135
        7      41     0.006     0.196    -0.019     0.129     0.128
        7      42     0.006     0.196    -0.019     0.129     0.130
        7      43     0.006     0.196    -0.019     0.129     0.133
        7      44     0.006     0.196    -0.019     0.129     0.128
        7      45     0.009     0.210    -0.020     0.140     0.141
        7      46     0.007     0.203    -0.020     0.135     0.136
        7      47     0.007     0.200    -0.020     0.132     0.133
        7      48     0.006     0.196    -0.019     0.129     0.130
        7      49     0.008     0.205    -0.020     0.137     0.138
        7      50     0.007     0.201    -0.020     0.133     0.134
        7      51     0.006     0.196    -0.019     0.129     0.130
        7      52     0.007     0.202    -0.020     0.134     0.135
        7      53     0.007     0.199    -0.020     0.132     0.133
        7      54     0.006     0.196    -0.019     0.129     0.130
        7      55     0.007     0.200    -0.020     0.133     0.134
        7      56     0.006     0.198    -0.019     0.131     0.132
        7      57     0.006     0.196    -0.019     0.129     0.130
        7      58     0.006     0.196    -0.019     0.130     0.131
        7      59     0.006     0.196    -0.019     0.129     0.130
        7      60     0.006     0.196    -0.019     0.130     0.131
        7      61     0.006     0.197    -0.019     0.129     0.130
        7      62     0.006     0.196    -0.019     0.129     0.130
        7      63     0.006     0.196    -0.019     0.129     0.130
        7      64     0.006     0.196    -0.019     0.129     0.131
        7      65     0.006     0.196    -0.019     0.130     0.130
        7      66     0.006     0.196    -0.019     0.129     0.130
        7      67     0.006     0.196    -0.019     0.129     0.130
        7       0     0.006     0.167    -0.019     0.129     0.130
        7       1     0.006     0.180    -0.019     0.129     0.130
        7       2     0.006     0.189    -0.019     0.129     0.130
        7       3     0.006     0.194    -0.019     0.129     0.130
        7       4     0.006     0.186    -0.019     0.129     0.130
        7       5     0.006     0.183    -0.019     0.129     0.130
        7       6     0.006     0.187    -0.019     0.129     0.130
        7       7     0.006     0.191    -0.019     0.129     0.130
        7       8     0.006     0.183    -0.019     0.129     0.130
        7       9     0.006     0.186    -0.019     0.129     0.130
        7      10     0.006     0.188    -0.019     0.129     0.130
        7      11     0.006     0.183    -0.019     0.129     0.130
        7      12     0.006     0.185    -0.019     0.129     0.130
        7      13     0.006     0.187    -0.019     0.129     0.130
        7      14     0.006     0.188    -0.019     0.129     0.130
        7      15     0.006     0.187    -0.017     0.129     0.130
        7      16     0.007     0.187    -0.021     0.129     0.130
        7      17     0.008     0.187    -0.014     0.129     0.130
        7      18     0.006     0.187    -0.016     0.129     0.130
        7      19     0.006     0.187    -0.018     0.129     0.130
        7      20     0.007     0.187    -0.021     0.129     0.130
        7      21     0.006     0.187    -0.018     0.129     0.130
        7      22     0.006     0.187    -0.019     0.129     0.130
        7      23     0.006     0.187    -0.016     0.129     0.130
        7      24     0.005     0.187    -0.018     0.109     0.130
        7      25     0.005     0.187    -0.018     0.118     0.130
        7      26     0.005     0.187    -0.018     0.124     0.130
        7      27     0.005     0.187    -0.018     0.115     0.130
        7      28     0.005     0.187    -0.018     0.121     0.130
        7      29     0.005     0.187    -0.018     0.117     0.130
        7      30     0.005     0.187    -0.018     0.119     0.130
        7      31     0.005     0.187    -0.018     0.115     0.130
        7      32     0.005     0.187    -0.018     0.116     0.130
        7      33     0.005     0.187    -0.018     0.118     0.130
        7      34     0.005     0.187    -0.018     0.119     0.130
        7      35     0.005     0.187    -0.018     0.118     0.109
        7      36     0.004     0.187    -0.018     0.118     0.118
        7      37     0.005     0.187    -0.018     0.118     0.124
        7      38     0.004     0.187    -0.018     0.118     0.115
        7      39     0.004     0.187    -0.018     0.118     0.121
        7      40     0.004     0.187    -0.018     0.118     0.117
        7      41     0.004     0.187    -0.018     0.118     0.119
        7      42     0.004     0.187    -0.018     0.118     0.121
        7      43     0.005     0.193    -0.019     0.125     0.126
        7      44     0.005     0.190    -0.018     0.121     0.123
        7      45     0.004     0.187    -0.018     0.118     0.119
        7      46     0.005     0.191    -0.018     0.123     0.124
        7      47     0.005     0.189    -0.018     0.120     0.122
        7      48     0.004     0.187    -0.018     0.118     0.119
        7      49     0.005     0.189    -0.018     0.121     0.122
        7      50     0.005     0.188    -0.018     0.119     0.121
        7      51     0.004     0.187    -0.018     0.118     0.119
        7      52     0.004     0.187    -0.018     0.118     0.119
        7      53     0.004     0.186    -0.018     0.117     0.119
        7      54     0.004     0.186    -0.018     0.118     0.119
        7      55     0.004     0.187    -0.018     0.118     0.119
        7      56     0.004     0.187    -0.018     0.118     0.119
        7      57     0.004     0.187    -0.018     0.118     0.119
        7      58     0.004     0.187    -0.018     0.117     0.119
        7      59     0.004     0.187    -0.018     0.118     0.119
        7      60     0.004     0.187    -0.018     0.118     0.119
        7      61     0.004     0.186    -0.018     0.117     0.119
        7       0     0.005     0.158    -0.018     0.117     0.119
        7       1     0.004     0.171    -0.018     0.117     0.119
        7       2     0.004     0.179    -0.018     0.117     0.119
        7       3     0.004     0.185    -0.018     0.117     0.119
        7       4     0.004     0.177    -0.018     0.117     0.119
        7       5     0.004     0.174    -0.018     0.117     0.119
        7       6     0.004     0.178    -0.018     0.117     0.119
        7       7     0.004     0.181    -0.018     0.117     0.119
        7       8     0.004     0.174    -0.018     0.117     0.119
        7       9     0.004     0.176    -0.018     0.117     0.119
        7      10     0.004     0.179    -0.018     0.117     0.119
        7      11     0.004     0.174    -0.018     0.117     0.119
        7      12     0.004     0.176    -0.018     0.117     0.119
        7      13     0.004     0.177    -0.018     0.117     0.119
        7      14     0.004     0.174    -0.018     0.117     0.119
        7      15     0.004     0.176    -0.016     0.117     0.119
        7      16     0.005     0.176    -0.019     0.117     0.119
        7      17     0.006     0.176    -0.013     0.117     0.119
        7      18     0.004     0.176    -0.015     0.117     0.119
        7      19     0.004     0.176    -0.017     0.117     0.119
        7      20     0.005     0.176    -0.019     0.117     0.119
        7      21     0.004     0.176    -0.017     0.117     0.119
        7      22     0.004     0.176    -0.018     0.117     0.119
        7      23     0.004     0.176    -0.015     0.117     0.119
        7      24     0.004     0.176    -0.017     0.099     0.119
        7      25     0.004     0.176    -0.017     0.108     0.119
        7      26     0.004     0.176    -0.017     0.114     0.119
        7      27     0.004     0.176    -0.017     0.105     0.119
        7      28     0.004     0.176    -0.017     0.111     0.119
        7      29     0.004     0.176    -0.017     0.107     0.119
        7      30     0.004     0.176    -0.017     0.109     0.119
        7      31     0.004     0.176    -0.017     0.111     0.119
        7      32     0.004     0.176    -0.017     0.109     0.100
        7      33     0.003     0.176    -0.017     0.109     0.109
        7      34     0.003     0.176    -0.017     0.109     0.114
        7      35     0.003     0.176    -0.017     0.109     0.106
        7      36     0.003     0.176    -0.017     0.109     0.112
        7      37     0.003     0.176    -0.017     0.109     0.108
        7      38     0.003     0.176    -0.017     0.109     0.110
        7      39     0.003     0.176    -0.017     0.109     0.112
        7      40     0.004     0.183    -0.018     0.114     0.116
        7      41     0.004     0.179    -0.017     0.112     0.113
        7      42     0.003     0.176    -0.017     0.109     0.110
        7      43     0.004     0.180    -0.017     0.113     0.114
        7      44     0.004     0.178    -0.017     0.111     0.112
        7      45     0.003     0.176    -0.017     0.109     0.110
        7      46     0.004     0.179    -0.017     0.112     0.112
        7      47     0.003     0.177    -0.017     0.110     0.111
        7      48     0.003     0.176    -0.017     0.109     0.110
        7      49     0.003     0.176    -0.017     0.109     0.110
        7      50     0.003     0.176    -0.017     0.109     0.110
        7      51     0.003     0.175    -0.017     0.109     0.110
        7      52     0.003     0.176    -0.017     0.109     0.110
        7      53     0.003     0.176    -0.017     0.109     0.110
        7      54     0.003     0.176    -0.017     0.109     0.110
        7      55     0.003     0.176    -0.017     0.109     0.110
        7      56     0.003     0.176    -0.017     0.109     0.110
        7      57     0.003     0.176    -0.017     0.109     0.110
        7      58     0.003     0.175    -0.017     0.109     0.110
        7       0     0.003     0.150    -0.017     0.109     0.110
        7       1     0.003     0.162    -0.017     0.109     0.110
        7       2     0.003     0.169    -0.017     0.109     0.110
        7       3     0.003     0.174    -0.017     0.109     0.110
        7       4     0.003     0.166    -0.017     0.109     0.110
        7       5     0.003     0.164    -0.017     0.109     0.110
        7       6     0.003     0.167    -0.017     0.109     0.110
        7       7     0.003     0.165    -0.017     0.109     0.110
        7       8     0.003     0.166    -0.017     0.109     0.110
        7       9     0.003     0.167    -0.017     0.109     0.110
        7      10     0.003     0.167    -0.017     0.109     0.110
        7      11     0.003     0.166    -0.017     0.109     0.110
        7      12     0.003     0.167    -0.017     0.109     0.110
        7      13     0.003     0.166    -0.017     0.109     0.110
        7      14     0.003     0.166    -0.016     0.109     0.110
        7      15     0.003     0.166    -0.018     0.109     0.110
        7      16     0.004     0.166    -0.014     0.109     0.110
        7      17     0.003     0.166    -0.017     0.109     0.110
        7      18     0.003     0.166    -0.017     0.109     0.110
        7      19     0.003     0.166    -0.015     0.109     0.110
        7      20     0.003     0.166    -0.016     0.109     0.110
        7      21     0.003     0.166    -0.017     0.109     0.110
        7      22     0.003     0.166    -0.016     0.109     0.110
        7      23     0.003     0.166    -0.016     0.109     0.110
        7      24     0.003     0.166    -0.017     0.109     0.110
        7      25     0.003     0.166    -0.017     0.109     0.110
        7      26     0.003     0.166    -0.017     0.092     0.110
        7      27     0.003     0.166    -0.017     0.099     0.110
        7      28     0.003     0.166    -0.017     0.104     0.110
        7      29     0.003     0.166    -0.017     0.097     0.110
        7      30     0.003     0.166    -0.017     0.101     0.110
        7      31     0.003     0.166    -0.017     0.102     0.110
        7      32     0.003     0.166    -0.017     0.100     0.110
        7      33     0.003     0.166    -0.017     0.101     0.110
        7      34     0.003     0.166    -0.017     0.101     0.110
        7      35     0.003     0.166    -0.017     0.102     0.110
        7      36     0.003     0.166    -0.017     0.101     0.110
        7      37     0.003     0.166    -0.017     0.102     0.110
        7      38     0.003     0.166    -0.017     0.102     0.110
        7      39     0.003     0.166    -0.017     0.102     0.093
        7      40     0.003     0.166    -0.017     0.102     0.100
        7      41     0.003     0.166    -0.017     0.102     0.104
        7      42     0.003     0.166    -0.017     0.102     0.107
        7      43     0.003     0.166    -0.017     0.102     0.102
        7      44     0.003     0.166    -0.017     0.102     0.101
        7      45     0.003     0.166    -0.017     0.102     0.103
        7      46     0.003     0.166    -0.017     0.102     0.102
        7      47     0.003     0.166    -0.017     0.102     0.103
        7      48     0.003     0.166    -0.017     0.102     0.103
        7      49     0.003     0.166    -0.017     0.102     0.102
        7      50     0.003     0.166    -0.017     0.102     0.103
        7      51     0.003     0.166    -0.017     0.102     0.103
        7      52     0.003     0.172    -0.017     0.106     0.107
        7      53     0.003     0.169    -0.017     0.104     0.105
        7      54     0.003     0.168    -0.017     0.103     0.104
        7      55     0.003     0.167    -0.017     0.102     0.103
        7      56     0.003     0.166    -0.017     0.102     0.103
        7      57     0.003     0.170    -0.017     0.105     0.106
        7      58     0.003     0.168    -0.017     0.103     0.104
        7      59     0.003     0.167    -0.017     0.102     0.104
        7      60     0.003     0.166    -0.017     0.102     0.103
        7      61     0.003     0.169    -0.017     0.104     0.105
        7      62     0.003     0.168    -0.017     0.103     0.104
        7      63     0.003     0.167    -0.017     0.102     0.103
        7      64     0.003     0.166    -0.017     0.102     0.103
        7      65     0.003     0.168    -0.017     0.103     0.104
        7      66     0.003     0.167    -0.017     0.102     0.103
        7      67     0.003     0.166    -0.017     0.102     0.103
        7      68     0.003     0.167    -0.017     0.103     0.104
        7      69     0.003     0.167    -0.017     0.102     0.103
        7      70     0.003     0.166    -0.017     0.102     0.103
        7      71     0.003     0.167    -0.017     0.102     0.103
        7      72     0.003     0.167    -0.017     0.102     0.103
        7      73     0.003     0.166    -0.017     0.102     0.103
        7      74     0.003     0.166    -0.017     0.102     0.103
        7      75     0.002     0.166    -0.017     0.102     0.103
        7      76     0.003     0.166    -0.017     0.102     0.103
        7      77     0.003     0.166    -0.017     0.102     0.103
        7      78     0.003     0.166    -0.017     0.102     0.103
        7      79     0.003     0.166    -0.017     0.102     0.103
        7      80     0.003     0.166    -0.017     0.102     0.103
        7      81     0.003     0.166    -0.017     0.102     0.103
        7      82     0.003     0.166    -0.017     0.102     0.103
        7      83     0.002     0.166    -0.017     0.101     0.103
        7       0     0.003     0.142    -0.017     0.101     0.103
        7       1     0.003     0.153    -0.017     0.101     0.103
        7       2     0.003     0.160    -0.017     0.101     0.103
        7       3     0.002     0.164    -0.017     0.101     0.103
        7       4     0.002     0.167    -0.017     0.101     0.103
        7       5     0.003     0.162    -0.017     0.101     0.103
        7       6     0.002     0.165    -0.017     0.101     0.103
        7       7     0.002     0.166    -0.017     0.101     0.103
        7       8     0.002     0.163    -0.017     0.101     0.103
        7       9     0.002     0.165    -0.017     0.101     0.103
        7      10     0.002     0.165    -0.017     0.101     0.103
        7      11     0.002     0.166    -0.017     0.101     0.103
        7      12     0.002     0.164    -0.017     0.101     0.103
        7      13     0.002     0.165    -0.017     0.101     0.103
        7      14     0.002     0.166    -0.017     0.101     0.103
        7      15     0.002     0.165    -0.017     0.101     0.103
        7      16     0.002     0.165    -0.017     0.101     0.103
        7      17     0.002     0.166    -0.017     0.101     0.103
        7      18     0.002     0.165    -0.017     0.101     0.103
        7      19     0.002     0.165    -0.017     0.101     0.103
        7      20     0.002     0.165    -0.017     0.101     0.103
        7      21     0.003     0.165    -0.015     0.101     0.103
        7      22     0.003     0.165    -0.017     0.101     0.103
        7      23     0.003     0.165    -0.014     0.101     0.103
        7      24     0.002     0.165    -0.016     0.101     0.103
        7      25     0.002     0.165    -0.017     0.101     0.103
        7      26     0.003     0.165    -0.015     0.101     0.103
        7      27     0.002     0.165    -0.016     0.101     0.103
        7      28     0.002     0.165    -0.017     0.101     0.103
        7      29     0.003     0.165    -0.016     0.101     0.103
        7      30     0.002     0.165    -0.016     0.101     0.103
        7      31     0.002     0.165    -0.017     0.101     0.103
        7      32     0.002     0.165    -0.016     0.101     0.103
        7      33     0.002     0.165    -0.016     0.101     0.103
        7      34     0.002     0.165    -0.017     0.101     0.103
        7      35     0.003     0.165    -0.016     0.085     0.103
        7      36     0.002     0.165    -0.016     0.091     0.103
        7      37     0.002     0.165    -0.016     0.095     0.103
        7      38     0.002     0.165    -0.016     0.097     0.103
        7      39     0.002     0.165    -0.016     0.093     0.103
        7      40     0.002     0.165    -0.016     0.095     0.103
        7      41     0.002     0.165    -0.016     0.096     0.103
        7      42     0.002     0.165    -0.016     0.094     0.103
        7      43     0.002     0.165    -0.016     0.095     0.103
        7      44     0.002     0.165    -0.016     0.096     0.103
        7      45     0.002     0.165    -0.016     0.096     0.103
        7      46     0.002     0.165    -0.016     0.095     0.103
        7      47     0.002     0.165    -0.016     0.096     0.103
        7      48     0.002     0.165    -0.016     0.096     0.103
        7      49     0.002     0.165    -0.016     0.095     0.103
        7      50     0.002     0.165    -0.016     0.096     0.103
        7      51     0.002     0.165    -0.016     0.096     0.103
        7      52     0.003     0.165    -0.016     0.096     0.086
        7      53     0.002     0.165    -0.016     0.096     0.091
        7      54     0.002     0.165    -0.016     0.096     0.095
        7      55     0.002     0.165    -0.016     0.096     0.097
        7      56     0.002     0.165    -0.016     0.096     0.099
        7      57     0.002     0.165    -0.016     0.096     0.096
        7      58     0.002     0.165    -0.016     0.096     0.098
        7      59     0.002     0.165    -0.016     0.096     0.097
        7      60     0.002     0.165    -0.016     0.096     0.097
        7      61     0.002     0.165    -0.016     0.096     0.096
        7      62     0.002     0.165    -0.017     0.098     0.099
        7      63     0.002     0.165    -0.016     0.097     0.098
        7      64     0.002     0.165    -0.016     0.096     0.097
        7      65     0.002     0.165    -0.016     0.096     0.097
        7      66     0.002     0.165    -0.016     0.097     0.098
        7      67     0.002     0.165    -0.016     0.096     0.098
        7      68     0.002     0.165    -0.016     0.096     0.097
        7      69     0.002     0.165    -0.016     0.097     0.098
        7      70     0.002     0.165    -0.016     0.096     0.097
        7      71     0.002     0.165    -0.016     0.096     0.097
        7      72     0.002     0.165    -0.016     0.096     0.097
        7      73     0.002     0.165    -0.016     0.096     0.097
        7      74     0.002     0.165    -0.016     0.096     0.097
        7      75     0.002     0.165    -0.016     0.096     0.097
        7      76     0.002     0.165    -0.016     0.096     0.097
        7      77     0.002     0.165    -0.016     0.096     0.097
        7      78     0.002     0.165    -0.016     0.096     0.097
        7      79     0.002     0.165    -0.016     0.096     0.097
        7      80     0.002     0.165    -0.016     0.096     0.097
        7      81     0.002     0.165    -0.016     0.096     0.097
