    0     0     0.000     0.000    74.000
    1     2     0.002     0.002    73.856
    2     4     0.005     0.005    73.640
    3     6     0.009     0.009    73.353
    4     8     0.014     0.014    72.996
    5    10     0.020     0.020    72.567
    6    12     0.027     0.027    72.069
    7    14     0.035     0.035    71.502
    8    16     0.044     0.044    70.867
    9    18     0.054     0.054    70.164
   10    20     0.065     0.065    69.396
   11    22     0.077     0.077    68.563
   12    24     0.090     0.090    67.666
   13    26     0.104     0.104    66.707
   14    28     0.119     0.119    65.687
   15    30     0.135     0.135    64.608
   16    32     0.152     0.152    63.472
   17    34     0.170     0.170    62.280
   18    36     0.189     0.189    61.035
   19    38     0.209     0.209    59.738
   20    40     0.230     0.230    58.392
   21    42     0.252     0.252    56.999
   22    44     0.275     0.275    55.561
   23    46     0.299     0.299    54.081
   24    48     0.324     0.324    52.562
   25    50     0.350     0.350    51.005
   26    52     0.377     0.377    49.414
   27    54     0.405     0.405    47.792
   28    56     0.434     0.434    46.142
   29    58     0.464     0.464    44.467
   30    60     0.495     0.495    42.770
   31    62     0.527     0.527    41.055
   32    64     0.560     0.560    39.325
   33    66     0.594     0.594    37.583
   34    68     0.629     0.629    35.834
   35    70     0.665     0.665    34.080
   36    72     0.702     0.702    32.326
   37    74     0.740     0.740    30.577
   38    76     0.779     0.779    28.835
   39    78     0.819     0.819    27.106
   40    80     0.860     0.860    25.393
   41    82     0.902     0.902    23.701
   42    84     0.945     0.945    22.034
   43    86     0.989     0.989    20.398
   44    88     1.034     1.034    18.797
   45    90     1.080     1.080    17.235
   46    92     1.127     1.127    15.718
   47    94     1.175     1.175    14.251
   48    96     1.224     1.224    12.839
   49    98     1.274     1.274    11.487
   50   100     1.325     1.325    10.201
   51   102     1.377     1.377     8.986
   52   104     1.430     1.430     7.848
   53   106     1.484     1.484     6.793
   54   108     1.539     1.539     5.825
   55   110     1.595     1.595     4.952
   56   112     1.652     1.652     4.180
   57   114     1.710     1.710     3.514
   58   116     1.769     1.769     2.960
   59   118     1.829     1.829     2.526
   60   120     1.890     1.890     2.218
   61   123     1.948     1.952     2.037
   62   126     2.005     2.015     1.982
   63   129     2.061     2.079     2.052
   64   135     2.002     2.018     1.970
   65   138     1.999     2.021     1.958
   66   141     1.995     2.025     1.942
   67   144     1.990     2.030     1.923
   68   147     1.984     2.036     1.899
   69   150     1.977     2.043     1.872
   70   153     1.969     2.051     1.841
   71   156     1.960     2.060     1.807
   72   159     1.950     2.070     1.769
   73   162     1.939     2.081     1.728
   74   165     1.927     2.093     1.684
   75   168     1.914     2.106     1.636
   76   171     1.900     2.120     1.586
   77   174     1.885     2.135     1.533
   78   177     1.869     2.151     1.478
   79   180     1.852     2.168     1.420
   80   183     1.834     2.186     1.360
   81   186     1.815     2.205     1.298
   82   189     1.795     2.225     1.234
   83   192     1.774     2.246     1.169
   84   195     1.752     2.268     1.103
   85   198     1.729     2.291     1.036
   86   201     1.705     2.315     0.968
   87   204     1.680     2.340     0.900
   88   207     1.654     2.366     0.831
   89   210     1.627     2.393     0.763
   90   213     1.599     2.421     0.696
   91   216     1.570     2.450     0.629
   92   219     1.540     2.480     0.564
   93   222     1.509     2.511     0.500
   94   225     1.477     2.543     0.438
   95   228     1.444     2.576     0.379
   96   231     1.410     2.610     0.322
   97   234     1.375     2.645     0.268
   98   237     1.339     2.681     0.218
   99   240     1.302     2.718     0.172
  100   243     1.264     2.756     0.131
  101   246     1.225     2.795     0.094
  102   249     1.185     2.835     0.063
  103   252     1.144     2.876     0.038
  104   255     1.102     2.918     0.019
  105   258     1.059     2.961     0.007
  106   262     1.015     3.001     0.001
  107   266     0.970     3.040     0.003
  108   274     1.012     2.998     0.001
  109   278     1.009     2.995     0.000
  110   282     1.005     2.991     0.000
  111   288     1.006     2.994     0.000
  112   291     1.003     2.996     0.000
  113   294     1.001     2.999     0.000
  114   298     0.999     3.001     0.000
  115   302     0.997     3.003     0.000
