    0     0     0.000     0.000     9.000
    1     2     0.002     0.002     8.956
    2     4     0.005     0.005     8.890
    3     6     0.009     0.009     8.803
    4     8     0.014     0.014     8.695
    5    10     0.020     0.020     8.567
    6    12     0.027     0.027     8.418
    7    14     0.035     0.035     8.251
    8    16     0.044     0.044     8.065
    9    18     0.054     0.054     7.862
   10    20     0.065     0.065     7.642
   11    22     0.077     0.077     7.407
   12    24     0.090     0.090     7.158
   13    26     0.104     0.104     6.896
   14    28     0.119     0.119     6.623
   15    30     0.135     0.135     6.340
   16    32     0.152     0.152     6.049
   17    34     0.170     0.170     5.751
   18    36     0.189     0.189     5.449
   19    38     0.209     0.209     5.145
   20    40     0.230     0.230     4.839
   21    42     0.252     0.252     4.536
   22    44     0.275     0.275     4.236
   23    46     0.299     0.299     3.942
   24    48     0.324     0.324     3.657
   25    50     0.350     0.350     3.382
   26    53     0.377     0.373     3.120
   27    56     0.405     0.395     2.870
   28    59     0.434     0.416     2.634
   29    62     0.464     0.436     2.411
   30    65     0.495     0.455     2.204
   31    68     0.527     0.473     2.014
   32    71     0.560     0.490     1.840
   33    74     0.594     0.506     1.686
   34    77     0.629     0.521     1.551
   35    80     0.665     0.535     1.438
   36    83     0.702     0.548     1.347
   37    86     0.740     0.560     1.280
   38    89     0.779     0.571     1.239
   39    92     0.819     0.581     1.224
   40    95     0.860     0.590     1.238
   41   101     0.822     0.578     1.210
   42   104     0.825     0.575     1.196
   43   107     0.829     0.571     1.177
   44   110     0.834     0.566     1.154
   45   113     0.840     0.560     1.126
   46   116     0.847     0.553     1.095
   47   119     0.855     0.545     1.061
   48   122     0.864     0.536     1.024
   49   125     0.874     0.526     0.984
   50   128     0.885     0.515     0.943
   51   131     0.897     0.503     0.900
   52   135     0.906     0.490     0.856
   53   139     0.914     0.476     0.809
   54   143     0.921     0.461     0.761
   55   147     0.927     0.445     0.710
   56   151     0.932     0.428     0.658
   57   155     0.936     0.410     0.604
   58   159     0.939     0.391     0.550
   59   163     0.941     0.371     0.494
   60   167     0.942     0.350     0.439
   61   171     0.942     0.328     0.385
   62   175     0.941     0.305     0.331
   63   179     0.939     0.281     0.281
   64   183     0.936     0.256     0.233
   65   186     0.936     0.230     0.190
   66   189     0.937     0.203     0.149
   67   192     0.939     0.175     0.113
   68   195     0.942     0.146     0.082
   69   198     0.946     0.116     0.055
   70   201     0.951     0.085     0.034
   71   204     0.957     0.053     0.019
   72   207     0.964     0.020     0.010
   73   210     0.972    -0.014     0.009
   74   212     0.981    -0.045     0.015
   75   216     0.975    -0.011     0.007
   76   218     0.978    -0.008     0.005
   77   220     0.982    -0.004     0.003
   78   222     0.987     0.001     0.001
   79   224     0.993     0.007     0.000
   80   227     1.000     0.010     0.000
   81   231     1.004     0.012     0.001
   82   239     0.997     0.007     0.000
   83   242     0.998     0.004     0.000
   84   245     1.000    -0.000     0.000
   85   249     1.001    -0.003     0.000
