        1       0     3.047     1.893     2.500
        1       1     6.690     3.107     2.500
        1       2     2.271     1.146     2.500
        1       3     2.353     0.679     2.500
        1       4     2.431     1.426     2.500
        1       5     2.252     0.959     2.500
        1       6     2.268     0.866     2.500
        1       7     2.253     1.052     2.500
        1       8     2.255     0.928     2.500
        1       9     2.250     0.990     2.500
        1      10     2.250     1.021     2.500
        1      11     2.252     0.959     2.500
        1      12     2.250     0.980     2.500
        1      13     2.250     1.000     2.500
        1      14     2.250     1.021     2.500
        1      15     0.797     1.000     1.893
        1      16     4.440     1.000     3.107
        1      17     0.021     1.000     1.146
        1      18     0.103     1.000     0.679
        1      19     0.181     1.000     1.426
        1      20     0.002     1.000     0.959
        1      21     0.018     1.000     0.866
        1      22     0.003     1.000     1.052
        1      23     0.005     1.000     0.928
        1      24     0.000     1.000     0.990
        1      25     0.000     1.000     1.021
        1      26     0.002     1.000     0.959
        1      27     0.000     1.000     0.980
        1      28     0.000     1.000     1.000
        1      29     0.000     1.000     1.021
        1      30     1.758     1.938     1.938
        1      31     0.633     1.563     1.563
        1      32     0.216     1.328     1.328
        1      33     0.071     1.188     1.188
        1      34     0.018     1.094     1.094
        1      35     0.004     1.047     1.047
        1      36     0.000     1.000     1.000
        1      37     0.702     1.592     1.592
        1      38     0.239     1.346     1.346
        1      39     0.078     1.198     1.198
        1      40     0.020     1.099     1.099
        1      41     0.005     1.050     1.050
        1      42     0.000     1.000     1.000
        1      43     0.280     1.374     1.374
        1      44     0.096     1.219     1.219
        1      45     0.031     1.125     1.125
        1      46     0.008     1.063     1.063
        1      47     0.002     1.032     1.032
        1      48     0.000     1.000     1.000
        1      49     0.114     1.238     1.238
        1      50     0.037     1.136     1.136
        1      51     0.009     1.068     1.068
        1      52     0.002     1.034     1.034
        1      53     0.000     1.000     1.000
        1      54     0.051     1.159     1.159
        1      55     0.013     1.080     1.080
        1      56     0.003     1.040     1.040
        1      57     0.000     1.000     1.000
        1      58     0.023     1.106     1.106
        1      59     0.006     1.053     1.053
        1      60     0.001     1.027     1.027
        1      61     0.000     1.000     1.000
        1      62     0.010     1.071     1.071
        1      63     0.003     1.036     1.036
        1      64     0.000     1.000     1.000
        1      65     0.005     1.047     1.047
        1      66     0.001     1.024     1.024
        1      67     0.000     1.000     1.000
        1      68     0.000     1.015     1.015
        1      69     0.000     0.985     0.985
        1      70     0.000     0.985     1.015
        1      71     0.000     1.015     0.985
        1      72     0.000     1.000     1.000
        1      73     0.001     0.970     1.000
