    0     0     2.500     2.500     4.500
    1     4     2.498     2.498     4.488
    2     8     2.495     2.495     4.470
    3    12     2.491     2.491     4.446
    4    16     2.486     2.486     4.416
    5    20     2.480     2.480     4.381
    6    24     2.473     2.473     4.339
    7    28     2.465     2.465     4.292
    8    32     2.456     2.456     4.240
    9    36     2.446     2.446     4.182
   10    40     2.435     2.435     4.118
   11    44     2.423     2.423     4.050
   12    48     2.410     2.410     3.976
   13    52     2.396     2.396     3.898
   14    56     2.381     2.381     3.814
   15    60     2.365     2.365     3.726
   16    64     2.348     2.348     3.634
   17    68     2.330     2.330     3.538
   18    72     2.311     2.311     3.437
   19    76     2.291     2.291     3.333
   20    80     2.270     2.270     3.226
   21    84     2.248     2.248     3.115
   22    88     2.225     2.225     3.001
   23    92     2.201     2.201     2.885
   24    96     2.176     2.176     2.766
   25   100     2.150     2.150     2.645
   26   104     2.123     2.123     2.522
   27   108     2.095     2.095     2.398
   28   112     2.066     2.066     2.273
   29   116     2.036     2.036     2.147
   30   120     2.005     2.005     2.020
   31   124     1.973     1.973     1.893
   32   128     1.940     1.940     1.767
   33   132     1.906     1.906     1.642
   34   136     1.871     1.871     1.517
   35   140     1.835     1.835     1.394
   36   144     1.798     1.798     1.274
   37   148     1.760     1.760     1.155
   38   152     1.721     1.721     1.040
   39   156     1.681     1.681     0.928
   40   160     1.640     1.640     0.819
   41   164     1.598     1.598     0.715
   42   168     1.555     1.555     0.616
   43   172     1.511     1.511     0.522
   44   176     1.466     1.466     0.434
   45   180     1.420     1.420     0.353
   46   184     1.373     1.373     0.278
   47   188     1.325     1.325     0.211
   48   192     1.276     1.276     0.152
   49   196     1.226     1.226     0.102
   50   200     1.175     1.175     0.061
   51   204     1.123     1.123     0.030
   52   208     1.070     1.070     0.010
   53   212     1.016     1.016     0.001
   54   216     0.961     0.961     0.003
   55   222     1.013     1.013     0.000
   56   226     1.010     1.010     0.000
   57   230     1.006     1.006     0.000
   58   234     1.001     1.001     0.000
   59   238     0.995     0.995     0.000
