        6       0    11.557    -1.000     0.000     1.111
        6       1    11.557    -1.000     0.000     1.111
        6       2    12.008    -1.000    -0.129     1.111
        6       3    11.205    -1.000     0.129     1.111
        6       4    10.915    -1.000     0.284     1.111
        6       5    10.802    -1.000     0.387     1.111
        6       6    10.769    -1.000     0.438     1.111
        6       7    10.752    -1.000     0.490     1.111
        6       8    11.285    -1.000     0.096     1.111
        6       9    10.943    -1.000     0.265     1.111
        6      10    10.810    -1.000     0.377     1.111
        6      11    10.771    -1.000     0.434     1.111
        6      12    10.752    -1.000     0.490     1.111
        6      13    11.004    -1.000     0.227     1.111
        6      14    10.827    -1.000     0.359     1.111
        6      15    10.777    -1.000     0.424     1.111
        6      16    10.752    -1.000     0.490     1.111
        6      17    10.874    -1.000     0.315     1.111
        6      18    10.790    -1.000     0.402     1.111
        6      19    10.766    -1.000     0.446     1.111
        6      20    10.752    -1.000     0.490     1.111
        6      21    10.813    -1.000     0.373     1.111
        6      22    10.773    -1.000     0.432     1.111
        6      23    10.752    -1.000     0.490     1.111
        6      24    10.784    -1.000     0.412     1.111
        6      25    10.764    -1.000     0.451     1.111
        6      26    10.752    -1.000     0.490     1.111
        6      27    12.095    -1.000     0.490     0.968
        6      28     9.779    -1.000     0.490     1.254
        6      29     9.099    -1.000     0.490     1.426
        6      30     8.941    -1.000     0.490     1.541
        6      31     8.951    -1.000     0.490     1.598
        6      32     8.991    -1.000     0.490     1.483
        6      33     8.941    -1.000     0.490     1.541
        6      34     8.941    -1.000     0.490     1.541
        6      35     8.941    -1.000     0.490     1.541
        6      36     8.779    -1.020     0.490     1.545
        6      37     8.898    -1.006     0.490     1.527
        6      38     8.941    -1.000     0.490     1.541
        6      39     8.938    -1.000     0.490     1.559
        6      40     8.951    -1.000     0.490     1.523
        6      41     8.941    -1.000     0.490     1.541
        6      42     8.728    -1.026     0.490     1.550
        6       0     7.650    -1.173     0.493     1.504
        6       1     6.445    -1.347     0.493     1.504
        6       2     5.888    -1.433     0.493     1.504
        6       3     5.360    -1.520     0.493     1.504
        6       4     6.833    -1.289     0.493     1.504
        6       5     6.070    -1.404     0.493     1.504
        6       6     5.708    -1.462     0.493     1.504
        6       7     5.360    -1.520     0.493     1.504
        6       8     6.319    -1.366     0.493     1.504
        6       9     5.828    -1.443     0.493     1.504
        6      10     5.360    -1.520     0.493     1.504
        6      11     5.989    -1.417     0.493     1.504
        6      12     5.669    -1.468     0.493     1.504
        6      13     5.360    -1.520     0.493     1.504
        6      14     5.774    -1.451     0.493     1.504
        6      15     5.565    -1.486     0.493     1.504
        6      16     5.360    -1.520     0.493     1.504
        6      17     5.223    -1.520     0.412     1.504
        6      18     5.537    -1.520     0.574     1.504
        6      19     5.124    -1.520     0.332     1.504
        6      20     5.064    -1.520     0.251     1.504
        6      21     5.152    -1.520     0.359     1.504
        6      22     5.310    -1.520     0.466     1.504
        6      23     5.100    -1.520     0.305     1.504
        6      24     5.064    -1.520     0.251     1.504
        6      25     5.115    -1.520     0.323     1.504
        6      26     5.197    -1.520     0.395     1.504
        6      27     5.064    -1.520     0.251     1.504
        6      28     5.095    -1.520     0.299     1.504
        6      29     5.139    -1.520     0.347     1.504
        6      30     5.064    -1.520     0.251     1.504
        6      31     6.223    -1.520     0.251     1.303
        6      32     4.633    -1.520     0.251     1.705
        6      33     5.188    -1.520     0.251     1.973
        6      34     4.839    -1.520     0.251     1.571
        6      35     4.749    -1.520     0.251     1.839
        6      36     4.666    -1.520     0.251     1.660
        6      37     4.635    -1.520     0.251     1.750
        6      38     4.749    -1.520     0.251     1.839
        6      39     4.629    -1.520     0.251     1.720
        6      40     4.657    -1.520     0.251     1.779
        6      41     4.666    -1.520     0.251     1.660
        6      42     7.264    -1.187     0.412     1.576
        6      43     5.869    -1.353     0.332     1.648
        6      44     5.230    -1.437     0.292     1.684
        6      45     4.629    -1.520     0.251     1.720
        6      46     6.317    -1.298     0.359     1.624
        6      47     5.438    -1.409     0.305     1.672
        6      48     5.025    -1.464     0.278     1.696
        6      49     4.629    -1.520     0.251     1.720
        6      50     5.723    -1.372     0.323     1.656
        6      51     5.161    -1.446     0.287     1.688
        6      52     4.629    -1.520     0.251     1.720
        6      53     5.345    -1.421     0.299     1.677
        6      54     4.980    -1.470     0.275     1.699
        6      55     4.629    -1.520     0.251     1.720
        6      56     4.664    -1.515     0.254     1.720
        6      57     4.595    -1.525     0.249     1.720
        6      58     4.653    -1.515     0.249     1.720
        6      59     4.606    -1.525     0.254     1.720
        6      60     4.629    -1.520     0.251     1.720
        6      61     4.571    -1.530     0.251     1.720
        6       0     4.917    -1.471     0.251     1.720
        6       1     3.104    -1.808     0.251     1.720
        6       2     2.234    -2.010     0.251     1.720
        6       3     1.745    -2.145     0.251     1.720
        6       4     1.527    -2.212     0.251     1.720
        6       5     1.328    -2.280     0.251     1.720
        6       6     3.309    -1.765     0.251     1.720
        6       7     2.331    -1.986     0.251     1.720
        6       8     1.786    -2.133     0.251     1.720
        6       9     1.546    -2.206     0.251     1.720
        6      10     1.328    -2.280     0.251     1.720
        6      11     2.531    -1.937     0.251     1.720
        6      12     1.871    -2.108     0.251     1.720
        6      13     1.585    -2.194     0.251     1.720
        6      14     1.328    -2.280     0.251     1.720
        6      15     2.078    -2.051     0.251     1.720
        6      16     1.677    -2.165     0.251     1.720
        6      17     1.496    -2.223     0.251     1.720
        6      18     1.328    -2.280     0.251     1.720
        6      19     1.805    -2.127     0.251     1.720
        6      20     1.555    -2.204     0.251     1.720
        6      21     1.328    -2.280     0.251     1.720
        6      22     1.636    -2.178     0.251     1.720
        6      23     1.477    -2.229     0.251     1.720
        6      24     1.328    -2.280     0.251     1.720
        6      25     1.529    -2.212     0.251     1.720
        6      26     1.426    -2.246     0.251     1.720
        6      27     1.328    -2.280     0.251     1.720
        6      28     1.304    -2.280     0.210     1.720
        6      29     1.362    -2.280     0.292     1.720
        6      30     1.287    -2.280     0.128     1.720
        6      31     1.294    -2.280     0.183     1.720
        6      32     1.319    -2.280     0.237     1.720
        6      33     1.287    -2.280     0.128     1.720
        6      34     1.290    -2.280     0.164     1.720
        6      35     1.300    -2.280     0.201     1.720
        6      36     1.287    -2.280     0.128     1.720
        6      37     2.354    -2.280     0.128     1.490
        6      38     1.170    -2.280     0.128     1.950
        6      39     2.494    -2.280     0.128     2.256
        6      40     1.142    -2.280     0.128     1.797
        6      41     1.537    -2.280     0.128     1.643
        6      42     1.105    -2.280     0.128     1.848
        6      43     1.424    -2.280     0.128     2.052
        6      44     1.227    -2.280     0.128     1.746
        6      45     1.170    -2.280     0.128     1.950
        6      46     1.124    -2.280     0.128     1.814
        6      47     1.106    -2.280     0.128     1.882
        6      48     1.170    -2.280     0.128     1.950
        6      49     3.035    -1.803     0.206     1.779
        6      50     2.090    -2.007     0.173     1.823
        6      51     1.559    -2.143     0.150     1.852
        6      52     1.322    -2.212     0.139     1.867
        6      53     1.106    -2.280     0.128     1.882
        6      54     2.285    -1.962     0.180     1.813
        6      55     1.642    -2.121     0.154     1.847
        6      56     1.360    -2.200     0.141     1.865
        6      57     1.106    -2.280     0.128     1.882
        6      58     1.844    -2.068     0.163     1.836
        6      59     1.451    -2.174     0.145     1.859
        6      60     1.272    -2.227     0.137     1.870
        6      61     1.106    -2.280     0.128     1.882
        6      62     1.577    -2.138     0.151     1.851
        6      63     1.331    -2.209     0.140     1.867
        6      64     1.106    -2.280     0.128     1.882
        6      65     1.410    -2.185     0.143     1.861
        6      66     1.253    -2.233     0.136     1.872
        6      67     1.106    -2.280     0.128     1.882
        6      68     1.129    -2.272     0.129     1.882
        6      69     1.082    -2.287     0.127     1.882
        6      70     1.126    -2.272     0.127     1.882
        6      71     1.086    -2.287     0.129     1.882
        6      72     1.106    -2.280     0.128     1.882
        6      73     1.063    -2.295     0.128     1.882
        6       0     2.018    -2.014     0.128     1.882
        6       1     0.421    -2.576     0.128     1.882
        6       2     0.066    -2.928     0.128     1.882
        6       3     0.089    -3.138     0.128     1.882
        6       4     0.149    -2.787     0.128     1.882
        6       5     0.054    -2.998     0.128     1.882
        6       6     0.062    -3.068     0.128     1.882
        6       7     0.084    -2.881     0.128     1.882
        6       8     0.055    -2.974     0.128     1.882
        6       9     0.062    -3.068     0.128     1.882
        6      10     0.061    -2.943     0.128     1.882
        6      11     0.054    -3.006     0.128     1.882
        6      12     0.062    -3.068     0.128     1.882
        6      13     0.054    -2.985     0.128     1.882
        6      14     0.055    -3.026     0.128     1.882
        6      15     0.061    -2.943     0.128     1.882
        6      16     0.075    -2.985     0.065     1.882
        6      17     0.057    -2.985     0.191     1.882
        6      18     0.059    -2.985     0.107     1.882
        6      19     0.053    -2.985     0.149     1.882
        6      20     0.057    -2.985     0.191     1.882
        6      21     0.849    -2.985     0.149     1.630
        6      22     0.395    -2.985     0.149     2.134
        6      23     2.623    -2.985     0.149     2.469
        6      24     0.040    -2.985     0.149     1.966
        6      25     0.192    -2.985     0.149     1.798
        6      26     0.102    -2.985     0.149     2.022
        6      27     0.913    -2.985     0.149     2.245
        6      28     0.034    -2.985     0.149     1.910
        6      29     0.192    -2.985     0.149     1.798
        6      30     0.032    -2.985     0.149     1.947
        6      31     0.272    -2.985     0.149     2.096
        6      32     0.192    -2.985     0.149     1.798
        6      33     0.041    -2.985     0.149     1.898
        6      34     0.068    -2.985     0.149     1.997
        6      35     0.192    -2.985     0.149     1.798
        6      36     0.071    -2.985     0.149     1.864
        6      37     0.030    -2.985     0.149     1.931
        6      38     0.068    -2.985     0.149     1.997
        6      39     0.521    -2.525     0.135     1.898
        6      40     0.177    -2.755     0.142     1.914
        6      41     0.079    -2.870     0.145     1.923
        6      42     0.030    -2.985     0.149     1.931
        6      43     0.270    -2.678     0.140     1.909
        6      44     0.106    -2.832     0.144     1.920
        6      45     0.057    -2.908     0.147     1.925
        6      46     0.030    -2.985     0.149     1.931
        6      47     0.151    -2.780     0.143     1.916
        6      48     0.071    -2.883     0.146     1.923
        6      49     0.046    -2.934     0.147     1.927
        6      50     0.030    -2.985     0.149     1.931
        6      51     0.093    -2.849     0.145     1.921
        6      52     0.053    -2.917     0.147     1.926
        6      53     0.030    -2.985     0.149     1.931
        6      54     0.065    -2.894     0.146     1.924
        6      55     0.043    -2.939     0.148     1.927
        6      56     0.030    -2.985     0.149     1.931
        6      57     0.032    -2.978     0.149     1.931
        6      58     0.029    -2.992     0.149     1.931
        6      59     0.031    -2.981     0.149     1.931
        6      60     0.029    -2.989     0.149     1.931
        6      61     0.030    -2.985     0.149     1.931
        6      62     0.028    -2.995     0.149     1.931
        6       0     0.709    -2.455     0.149     1.931
        6       1     0.026    -3.073     0.149     1.931
        6       2     0.375    -3.459     0.149     1.931
        6       3     0.103    -2.841     0.149     1.931
        6       4     0.094    -3.227     0.149     1.931
        6       5     0.028    -2.996     0.149     1.931
        6       6     0.048    -3.150     0.149     1.931
        6       7     0.024    -3.047     0.149     1.931
        6       8     0.031    -3.099     0.149     1.931
        6       9     0.028    -2.996     0.149     1.931
        6      10     0.024    -3.030     0.149     1.931
        6      11     0.025    -3.064     0.149     1.931
        6      12     0.028    -2.996     0.149     1.931
        6      13     0.020    -3.030     0.076     1.931
        6      14     0.061    -3.030     0.222     1.931
        6      15     0.019    -3.030     0.125     1.931
        6      16     0.033    -3.030     0.173     1.931
        6      17     0.020    -3.030     0.076     1.931
        6      18     0.697    -3.030     0.125     1.673
        6      19     0.540    -3.030     0.125     2.189
        6      20     3.099    -3.030     0.125     2.533
        6      21     0.060    -3.030     0.125     2.017
        6      22     0.112    -3.030     0.125     1.845
        6      23     0.160    -3.030     0.125     2.074
        6      24     1.156    -3.030     0.125     2.304
        6      25     0.018    -3.030     0.125     1.960
        6      26     0.112    -3.030     0.125     1.845
        6      27     0.039    -3.030     0.125     1.998
        6      28     0.387    -3.030     0.125     2.151
        6      29     0.112    -3.030     0.125     1.845
        6      30     0.017    -3.030     0.125     1.947
        6      31     0.108    -3.030     0.125     2.049
        6      32     0.112    -3.030     0.125     1.845
        6      33     0.028    -3.030     0.125     1.913
        6      34     0.026    -3.030     0.125     1.981
        6      35     0.108    -3.030     0.125     2.049
        6      36     0.028    -2.995     0.149     1.931
        6      37     0.026    -3.030     0.125     1.981
        6       0     0.709    -2.455     0.149     1.931
        6       1     0.026    -3.073     0.149     1.931
        6       2     0.375    -3.459     0.149     1.931
        6       3     0.103    -2.841     0.149     1.931
        6       4     0.094    -3.227     0.149     1.931
        6       5     0.028    -2.996     0.149     1.931
        6       6     0.048    -3.150     0.149     1.931
        6       7     0.024    -3.047     0.149     1.931
        6       8     0.031    -3.099     0.149     1.931
        6       9     0.028    -2.996     0.149     1.931
        6      10     0.024    -3.030     0.149     1.931
        6      11     0.025    -3.064     0.149     1.931
        6      12     0.028    -2.996     0.149     1.931
        6      13     0.020    -3.030     0.076     1.931
        6      14     0.061    -3.030     0.222     1.931
        6      15     0.019    -3.030     0.125     1.931
        6      16     0.033    -3.030     0.173     1.931
        6      17     0.020    -3.030     0.076     1.931
        6      18     0.018    -3.030     0.108     1.931
        6      19     0.022    -3.030     0.141     1.931
        6      20     0.020    -3.030     0.076     1.931
        6      21     0.684    -3.030     0.108     1.682
        6      22     0.468    -3.030     0.108     2.180
        6      23     2.481    -3.030     0.108     2.479
        6      24     0.018    -3.030     0.108     1.981
        6      25     0.062    -3.030     0.108     1.881
        6      26     0.154    -3.030     0.108     2.080
        6      27     0.013    -3.030     0.108     1.948
        6      28     0.044    -3.030     0.108     2.014
        6      29     0.062    -3.030     0.108     1.881
        6      30     0.028    -2.995     0.149     1.931
        6      31     0.013    -3.030     0.108     1.948
        6      32     0.011    -3.030     0.094     1.948
        6      33     0.016    -3.030     0.123     1.948
        6      34     0.013    -3.030     0.108     1.948
        6      35     0.011    -3.030     0.094     1.948
        6      36     0.011    -3.030     0.083     1.948
        6      37     0.012    -3.030     0.104     1.948
        6      38     0.011    -3.030     0.094     1.948
        6      39     0.011    -3.030     0.083     1.948
