  0.2202769085399344
 -0.4247650601527381
  0.5757607350319379
 -0.0582243920785143
   0.631360933878835
  0.7456493159369405
 -0.5553768105657095
 -0.3150422602247857
  0.1465906514009402
  0.0582477682795425
 -0.0202769130227485
 -0.0062956504847546
  0.0017667326590583
  0.0004527711747098
 -0.0001068473751011
-2.337688659457504e-005
 4.769036567693637e-006
 9.116171985308105e-007
-1.639684663165541e-007
-2.785291080836672e-008
 4.482814074606338e-009
 6.855699678355787e-010
