0.0 -6.0814e-01
0.1 -5.1516e-01
0.2 -4.1190e-01
0.3 -3.0046e-01
0.4 -1.8308e-01
0.5 -0.6213e-01
0.6  0.6004e-01
0.7  1.8107e-01
0.8  2.9871e-01
0.9  4.1087e-01
1.0  5.1567e-01
1.1  6.1146e-01
1.2  6.9691e-01
1.3  7.7095e-01
1.4  8.3285e-01
1.5  8.8221e-01
1.6  9.1890e-01
1.7  9.4313e-01
1.8  9.5532e-01
1.9  9.5616e-01
2.0  9.4652e-01
2.1  9.2742e-01
2.2  9.0001e-01
2.3  8.6549e-01
2.4  8.2510e-01
2.5  7.8009e-01
2.6  7.3167e-01
2.7  6.8097e-01
2.8  6.2905e-01
2.9  5.7687e-01
3.0  5.2527e-01
3.1  4.7497e-01
3.2  4.2658e-01
3.3  3.8056e-01
3.4  3.3729e-01
3.5  2.9700e-01
3.6  2.5987e-01
3.7  2.2595e-01
3.8  1.9525e-01
3.9  1.6768e-01
4.0  1.4313e-01
4.1  1.2144e-01
4.2  1.0242e-01
4.3  8.5874e-02
4.4  7.1578e-02
4.5  5.9314e-02
4.6  4.8867e-02
4.7  4.0029e-02
4.8  3.2603e-02
4.9  2.6403e-02
5.0  2.1262e-02
