0.0 -0.8721e-00
0.1 -1.0103e-00
0.2 -1.1183e-00
0.3 -1.1930e-00
0.4 -1.2322e-00
0.5 -1.2351e-00
0.6 -1.2018e-00
0.7 -1.1336e-00
0.8 -1.0329e-00
0.9 -9.0285e-01
1.0 -7.4764e-01
1.1 -5.7190e-01
1.2 -3.8076e-01
1.3 -1.7956e-01
1.4 -0.2627e-01
1.5  2.3147e-01
1.6  4.3106e-01
1.7  6.2053e-01
1.8  7.9592e-01
1.9  9.5394e-01
2.0  1.0920e-00
2.1  1.2083e-00
2.2  1.3017e-00
2.3  1.3719e-00
2.4  1.4191e-00
2.5  1.4443e-00
2.6  1.4487e-00
2.7  1.4341e-00
2.8  1.4027e-00
2.9  1.3567e-00
3.0  1.2985e-00
3.1  1.2306e-00
3.2  1.1553e-00
3.3  1.0749e-00
3.4  9.9150e-01
3.5  9.0701e-01
3.6  8.2306e-01
3.7  7.4107e-01
3.8  6.6219e-01
3.9  5.8733e-01
4.0  5.1716e-01
4.1  4.5215e-01
4.2  3.9256e-01
4.3  3.3849e-01
4.4  2.8991e-01
4.5  2.4665e-01
4.6  2.0848e-01
4.7  1.7507e-01
4.8  1.4608e-01
4.9  1.2112e-01
5.0  9.9802e-02
