   0.6506302415094296e+02 -0.5727899334154847e+02  0.1907156884270581e+03
  -0.1109358296013731e+03  0.1720102697272576e+03 -0.1031868227380015e+03
   0.1071913456715849e+03 -0.1047306702318587e+03  0.3157031118217590e+03
  -0.8300765087287743e+02  0.1118763436659702e+03 -0.1148784899374889e+03
   0.6244080820519682e+02 -0.7190824453543330e+02  0.1675585431192573e+03
  -0.4465658712064633e+02  0.4804451771577693e+02 -0.8571563066268101e+02
   0.3041112972801219e+02 -0.3109127755320425e+02  0.5018316860958971e+02
  -0.1978356507808293e+02  0.1936842136743996e+02 -0.2920994664293695e+02
   0.1233393645173490e+02 -0.1161797979124628e+02  0.1659938789659812e+02
  -0.7391053300753561e+01  0.6721268684317581e+01 -0.9170731428238770e+01
   0.4268414030553802e+01 -0.3757352852755909e+01  0.4922177543405753e+01
  -0.2381249497079016e+01  0.2033480547740673e+01 -0.2567761635102849e+01
   0.1285975893867481e+01 -0.1067316854076734e+01  0.1303129894185369e+01
  -0.6735425305562416e+00  0.5441892401002517e+00 -0.6440399788410416e+00
   0.3427145443603783e+00 -0.2699340231306825e+00  0.3103125437599237e+00
  -0.1696656873789676e+00  0.1304391817536867e+00 -0.1459170246817513e+00
   0.8183618085300487e-01 -0.6148113072818060e-01  0.6703023855896593e-01
  -0.3850594182551564e-01  0.2829786585431005e-01 -0.3010974455342776e-01
   0.1769435158323542e-01 -0.1273202049882138e-01  0.1323739675506471e-01
  -0.7949092628344328e-02  0.5605185702770547e-02 -0.5700591532409921e-02
   0.3494547802883366e-02 -0.2416664392555808e-02  0.2406566519477556e-02
  -0.1504654248195506e-02  0.1021249475194249e-02 -0.9966735877653311e-03
   0.6350492723394689e-03 -0.4233172170251460e-03  0.4052108514956284e-03
  -0.2629237449217447e-03  0.1722362625367419e-03 -0.1618300385433032e-03
   0.1068580672267937e-03 -0.6883237069219616e-04  0.6352528497464330e-04
  -0.4266015870671696e-04  0.2703561116612865e-04 -0.2452375463749378e-04
   0.1673936333969818e-04 -0.1044247869816336e-04  0.9315558509965544e-05
  -0.6459565886417318e-05  0.3968513903356828e-05 -0.3483595070463195e-05
   0.2452713287613598e-05 -0.1484662802686571e-05  0.1283057442452553e-05
  -0.9168247563874532e-06  0.5470273901500207e-06 -0.4656457113734633e-06
   0.3375407123668518e-06 -0.1985936950836722e-06  0.1665854545292695e-06
  -0.1224499760527645e-06  0.7106894863782214e-07 -0.5877081205315181e-07
   0.4378905799718693e-07 -0.2507986902198589e-07  0.2045463116742236e-07
  -0.1544253489229135e-07  0.8731025079963532e-08 -0.7025558598537127e-08
   0.5372547645347392e-08 -0.2999541998012063e-08  0.2382185143617462e-08
  -0.1844611167969994e-08  0.1017282710154609e-08 -0.7976541952929461e-09
   0.6252283312925505e-09 -0.3406946803689095e-09  0.2638339522943584e-09
  -0.2092767021992289e-09  0.1127091594310946e-09 -0.8622829627803935e-10
   0.6919647809915032e-10 -0.3684258872248508e-10  0.2785431280283992e-10
  -0.2260758600530446e-10  0.1190307500176921e-10 -0.8895567248926082e-11
   0.7300488089950411e-11 -0.3801910369331056e-11  0.2809334102598191e-11
  -0.2330730702205497e-11  0.1200849849014201e-11 -0.8775804599405836e-12
   0.7358422486727776e-12 -0.3751676209916342e-12  0.2712221423631784e-12
  -0.2297920246523458e-12  0.1159612795614877e-12 -0.8294966901953264e-13
   0.7099757918691494e-13 -0.3546897643545301e-13  0.2511008915832073e-13
  -0.2170736289768852e-13  0.1073804880281056e-13 -0.7525147514122964e-14
   0.6569286370050350e-14 -0.3218344232068266e-14  0.2233060876426234e-14
  -0.1968184940999185e-14  0.9551154394174276e-15 -0.6562770773455534e-15
   0.5838962830462903e-15 -0.2807230287177906e-15  0.1910531898031505e-15
