  -0.8009667920764577e+01  0.2268689523542949e+02 -0.3892335720508252e+02
   0.1742124008419216e+02 -0.3639265880812383e+02  0.1230943883418277e+03
  -0.1563966960657009e+02  0.3843246836895560e+02 -0.7538637686684794e+02
   0.1316987193232907e+02 -0.3112470753099004e+02  0.8328404126824425e+02
  -0.1044457885692423e+02  0.2387917214039108e+02 -0.5677338053087201e+02
   0.7835157573937145e+01 -0.1735166482114572e+02  0.3858382529364618e+02
  -0.5582700345212137e+01  0.1198593801729490e+02 -0.2525260580675693e+02
   0.3792447671115856e+01 -0.7900606777252832e+01  0.1587449613062669e+02
  -0.2464620209330444e+01  0.4986676312347873e+01 -0.9596912598560756e+01
   0.1536940997234134e+01 -0.3023177052051498e+01  0.5590913910856354e+01
  -0.9221933989240014e+00  0.1765238896322548e+01 -0.3145380654508548e+01
   0.5337035137138704e+00 -0.9951344151576957e+00  0.1712287544138206e+01
  -0.2985636052443153e+00  0.5427909142049932e+00 -0.9036476076058529e+00
   0.1617639104581223e+00 -0.2870052722669240e+00  0.4631006904071830e+00
  -0.8503535091079612e-01  0.1473673566882733e+00 -0.2308202361076236e+00
   0.4343923500514487e-01 -0.7359359627308471e-01  0.1120474598181911e+00
  -0.2159519038542302e-01  0.3579437772565231e-01 -0.5304117978092265e-01
   0.1046152877383139e-01 -0.1697768042049477e-01  0.2451390851916129e-01
  -0.4944449545288990e-02  0.7862023803867200e-02 -0.1107293350776867e-01
   0.2282459413029811e-02 -0.3558308153992689e-02  0.4893146624491375e-02
  -0.1030123626742749e-02  0.1575537764538228e-02 -0.2117289247205924e-02
   0.4549683484091815e-03 -0.6830924221007807e-03  0.8978413902465352e-03
  -0.1968122899922548e-03  0.2902385089268945e-03 -0.3734055626098205e-03
   0.8345427347650201e-04 -0.1209451499006838e-03  0.1524171847754426e-03
  -0.3471296753849753e-04  0.4946395809292203e-04 -0.6110092217845801e-04
   0.1417362495555285e-04 -0.1986753523543755e-04  0.2407085422950814e-04
  -0.5684540124529244e-05  0.7841917632548148e-05 -0.9324311824098434e-05
   0.2240763083364686e-05 -0.3043509835830958e-05  0.3553524447786664e-05
  -0.8686148497123146e-06  0.1162081138847589e-05 -0.1333030957219599e-05
   0.3312979424405694e-06 -0.4367453243612552e-06  0.4924560957061943e-06
  -0.1243902013032218e-06  0.1616433221470002e-06 -0.1792408552732466e-06
   0.4599734473370882e-07 -0.5894141675479944e-07  0.6430333186697158e-07
  -0.1675908190423968e-07  0.2118367316294111e-07 -0.2274738707690789e-07
   0.6018935509835720e-08 -0.7507136809785378e-08  0.7937730631054831e-08
  -0.2131633602300236e-08  0.2624248233288069e-08 -0.2733282858292968e-08
   0.7447169406904290e-09 -0.9052104692838177e-09  0.9290621706040552e-09
  -0.2567496215684017e-09  0.3082172161265833e-09 -0.3118301868798748e-09
   0.8738053319892910e-10 -0.1036258534628691e-09  0.1033806004744579e-09
  -0.2936602193466440e-10  0.3441261229202417e-10 -0.3386377923014549e-10
   0.9748408189420855e-11 -0.1129102818839428e-10  0.1096299712711997e-10
  -0.3197472923358404e-11  0.3661320813721917e-11 -0.3508626723502244e-11
   0.1036538134159908e-11 -0.1173672992354118e-11  0.1110376704834549e-11
  -0.3321882009288534e-12  0.3720256661464445e-12 -0.3475644173506798e-12
   0.1052722395431898e-12 -0.1166330855540636e-12  0.1076301684052578e-12
  -0.3299740418753215e-13  0.3617393719016595e-13 -0.3298102762166628e-13
   0.1023253016981689e-13 -0.1110178439020765e-13  0.1000275234620985e-13
  -0.3139934340406121e-14  0.3372148145407950e-14 -0.3003239633208937e-14
   0.9536420667061212e-15 -0.1013975495376413e-14  0.8928161349309248e-15
  -0.2867258721406051e-15  0.3018851904204788e-15 -0.2628565210632025e-15
