                     0    -0.608140107129042
                   0.1    -0.523469667149759
                   0.2    -0.441851772762102
                   0.3     -0.36022118702585
                   0.4    -0.275360399397199
                   0.5    -0.183767023920298
                   0.6   -0.0815054580166061
                   0.7    0.0359648213262886
                   0.8     0.173993394564517
                   0.9     0.338986553119559
                     1     0.538712274022308
                   1.1     0.782679945959467
                   1.2      1.08261707193906
                   1.3      1.45307149352892
                   1.4      1.91217600292507
                   1.5       2.4826231705932
                   1.6      3.19291267409695
                   1.7      4.07895251885777
                   1.8      5.18612084214638
                   1.9      6.57192857739151
                     2      8.30946795333975
                   2.1      10.4918914450204
                   2.2      13.2382455942542
                   2.3      16.7010911855316
                   2.4      21.0764853204343
                   2.5      26.6170953127743
                   2.6      33.6494773637272
                   2.7      42.5969099631665
                   2.8      54.0096578875999
                   2.9      68.6052060690025
                     3      87.3219110424942
                   3.1       111.39076542627
                   3.2      142.431689935817
                   3.3      182.583143132647
                   3.4      234.677132525092
                   3.5      302.476290643485
                   3.6        390.9960691102
                   3.7      506.944045831856
                   3.8      659.320895436944
                   3.9      860.245257913175
                     4      1126.08973254554
                   4.1      1479.05065947209
                   4.2      1949.32475992463
                   4.3      2578.13765549901
                   4.4      3421.97232702682
                   4.5      4558.49364023254
                   4.6      6094.87856020978
                   4.7      8179.57056930538
                   4.8      11018.9252663853
                   4.9       14900.867490134
                     5      20228.6355279504
                   5.1      27569.0894236977
                   5.2      37722.1238314073
                   5.3      51820.7748047457
                   5.4      71476.1312107307
                   5.5      98987.8903084526
                   5.6      137651.447603828
                   5.7       192207.47782462
                   5.8      269502.632743133
                   5.9      379464.212757224
                     6      536543.546920507
                   6.1      761861.715826554
                   6.2      1086411.65486553
                   6.3      1555854.98620607
                   6.4      2237734.82250536
                   6.5      3232360.86940274
                   6.6      4689293.02726666
                   6.7      6832380.90432314
                   6.8      9997901.41976474
                   6.9      14692763.5127129
                     7      21683444.3124788
                   7.1      32131903.1812981
                   7.2      47803064.1277761
                   7.3      71380767.6149944
                   7.4      106946970.573541
                   7.5      160704457.453037
                   7.6      242058875.354632
                   7.7      365224280.125812
                   7.8      551580342.752545
                   7.9      833091165.550421
                     8      1257196210.74781
                   8.1      1893701584.22674
                   8.2      2844329341.22626
                   8.3       4255712489.8617
                   8.4      6336735632.66482
                   8.5        9381188894.934
                   8.6      13796690276.1521
                   8.7      20140695394.2557
                   8.8      29164105701.8217
                   8.9      41862459554.2983
