   0.3847187761907711e+04
   0.6809924397546147e+04
   0.4769976746139562e+04
   0.2703265186960876e+04
   0.1269911945018472e+04
   0.5055624658427311e+03
   0.1738246678370600e+03
   0.5244038274602201e+02
   0.1406630068597875e+02
   0.3392056918439332e+01
   0.7422906675116405e+00
   0.1485820565597721e+00
   0.2739082952461945e-01
   0.4677967071473984e-02
   0.7439809888205764e-03
   0.1106847229105624e-03
   0.1546595056920598e-04
   0.2036946871660494e-05
   0.2536798261457854e-06
   0.2996026873931424e-07
   0.3364264079555524e-08
   0.3600366420099249e-09
   0.3680044702617196e-10
   0.3599712218501612e-11
   0.3375823366369363e-12
   0.3040298726566281e-13
   0.2633601293212133e-14
   0.2197377957185505e-15
   0.1768318159301176e-16
   0.1374223893008606e-17
   0.1032526036101355e-18
   0.7508681261891501e-20
   0.5290416375079198e-21
   0.3614804163213419e-22
   0.2398313612083233e-23
   0.1537858400049602e-24
   0.1033902006945673e-25
