   0.1045030082456154e+05
   0.1867692088818703e+05
   0.1342066269747612e+05
   0.7882754176221585e+04
   0.3859319803360280e+04
   0.1605259661806959e+04
   0.5770284133397578e+03
   0.1819221225495277e+03
   0.5094424535334840e+02
   0.1280860052474312e+02
   0.2918112924651526e+01
   0.6071991423013723e+00
   0.1161874563328589e+00
   0.2056706469016336e-01
   0.3385606580307178e-02
   0.5206552896352455e-03
   0.7510810570774269e-04
   0.1020065512418186e-04
   0.1308557969688726e-05
   0.1590231575507673e-06
   0.1835642632162349e-07
   0.2017571663916499e-08
   0.2116136803758913e-09
   0.2122328795386630e-10
   0.2039129549738185e-11
   0.1880122791423465e-12
   0.1666198582041640e-13
   0.1421367001376566e-14
   0.1168744087813224e-15
   0.9275144808988328e-17
   0.7112591268035900e-18
   0.5276252177504737e-19
   0.3790260945675944e-20
   0.2639221630170235e-21
   0.1783586614831111e-22
   0.1164887246342456e-23
   0.7950226533694826e-25
