.01951138325679400 .03901781365630666
.05850443715242067 .03895839596276953
.09740839844158460 .03883965105805197
.13616402280914389 .03866175977407646
.17471229183264681 .03842499300695942
.21299450285766613 .03812971131447764
.25095235839227212 .03777636436200140
.28852805488451185 .03736549023873049
.32566437074770191 .03689771463827601
.36230475349948732 .03637374990583598
.39839340588196923 .03579439395341605
.43387537083175609 .03516052904474759
.46869661517054448 .03447312045175393
.50280411188878400 .03373321498461152
.53614592089713193 .03294193939764540
.56867126812270978 .03210049867348777
.60033062282975174 .03121017418811470
.63107577304687197 .03027232175955798
.66085989898611980 .02928836958326785
.68963764434202760 .02825981605727686
.71736518536209988 .02718822750048638
.74400029758359727 .02607523576756512
.76950242013504137 .02492253576411549
.79383271750460545 .02373188286593010
.81695413868146347 .02250509024633246
.83883147358025528 .02124402611578201
.85943140666311110 .01995061087814200
.87872256767821383 .01862681420829903
.89667557943877068 .01727465205626931
.91326310257175765 .01589618358372569
.92845987717244580 .01449350804050908
.94224276130987267 .01306876159240134
.95459076634363491 .01162411412079783
.96548508904379925 .01016176604110306
.97490914058572779 .00868394526926086
.98284857273862907 .00719290476811731
.98929130249975553 .00569092245140320
.99422754096568828 .00418031312469490
.99764986439823769 .00266353358951268
.99955382265163093 .00114495000318694
