.99823770971055920 .00452127709853319
.99072623869945701 .01049828453115281
.97725994998377426 .01642105838190789
.95791681921379166 .02224584919416696
.93281280827867653 .02793700698002340
.90209880696887430 .03346019528254745
.86595950321225950 .03878216797447202
.82461223083331166 .04387090818567327
.77830565142651939 .04869580763507223
.72731825518992710 .05322784698393682
.67195668461417955 .05743976909939155
.61255388966798024 .06130624249292894
.54946712509512820 .06480401345660104
.48307580168617871 .06791204581523390
.41377920437160500 .07061164739128678
.34199409082575847 .07288658239580406
.26815218500725368 .07472316905796826
.19269758070137110 .07611036190062624
.11608407067525521 .07703981816424797
.03877241750605082 .07750594797842481
